8  0 1 2 3 4 5 6 7 
8  8 9 10 11 12 13 14 15 
8  16 17 18 19 20 21 22 23 
8  24 25 26 27 28 29 30 31 
8  32 33 34 35 36 37 38 39 
8  40 41 42 43 44 45 46 47 
8  48 49 50 51 52 53 54 55 
8  56 57 58 59 60 61 62 63 
8  64 65 66 67 68 69 70 71 
8  72 73 74 75 76 77 78 79 
8  80 81 82 83 84 85 86 87 
8  88 89 90 91 92 93 94 95 
8  96 97 98 99 100 101 102 103 
8  104 105 106 107 108 109 110 111 
8  112 113 114 115 116 117 118 119 
8  120 121 122 123 124 125 126 127 
8  128 129 130 131 132 133 134 135 
8  136 137 138 139 140 141 142 143 
8  144 145 146 147 148 149 150 151 
8  152 153 154 155 156 157 158 159 
8  160 161 162 163 164 165 166 167 
8  168 169 170 171 172 173 174 175 
8  176 177 178 179 180 181 182 183 
8  184 185 186 187 188 189 190 191 
8  192 193 194 195 196 197 198 199 
8  200 201 202 203 204 205 206 207 
8  208 209 210 211 212 213 214 215 
8  216 217 218 219 220 221 222 223 
8  224 225 226 227 228 229 230 231 
8  232 233 234 235 236 237 238 239 
8  240 241 242 243 244 245 246 247 
8  248 249 250 251 252 253 254 255 
8  256 257 258 259 260 261 262 263 
8  264 265 266 267 268 269 270 271 
8  272 273 274 275 276 277 278 279 
8  280 281 282 283 284 285 286 287 
8  288 289 290 291 292 293 294 295 
8  296 297 298 299 300 301 302 303 
8  304 305 306 307 308 309 310 311 
8  312 313 314 315 316 317 318 319 
8  320 321 322 323 324 325 326 327 
8  328 329 330 331 332 333 334 335 
8  336 337 338 339 340 341 342 343 
8  344 345 346 347 348 349 350 351 
8  352 353 354 355 356 357 358 359 
8  360 361 362 363 364 365 366 367 
8  368 369 370 371 372 373 374 375 
8  376 377 378 379 380 381 382 383 
8  384 385 386 387 388 389 390 391 
8  392 393 394 395 396 397 398 399 
8  400 401 402 403 404 405 406 407 
8  408 409 410 411 412 413 414 415 
8  416 417 418 419 420 421 422 423 
8  424 425 426 427 428 429 430 431 
8  432 433 434 435 436 437 438 439 
8  440 441 442 443 444 445 446 447 
8  448 449 450 451 452 453 454 455 
8  456 457 458 459 460 461 462 463 
8  464 465 466 467 468 469 470 471 
8  472 473 474 475 476 477 478 479 
8  480 481 482 483 484 485 486 487 
8  488 489 490 491 492 493 494 495 
8  496 497 498 499 500 501 502 503 
8  504 505 506 507 508 509 510 511 
8  512 513 514 515 516 517 518 519 
8  520 521 522 523 524 525 526 527 
8  528 529 530 531 532 533 534 535 
8  536 537 538 539 540 541 542 543 
8  544 545 546 547 548 549 550 551 
8  552 553 554 555 556 557 558 559 
8  560 561 562 563 564 565 566 567 
8  568 569 570 571 572 573 574 575 
8  576 577 578 579 580 581 582 583 
8  584 585 586 587 588 589 590 591 
8  592 593 594 595 596 597 598 599 
8  600 601 602 603 604 605 606 607 
8  608 609 610 611 612 613 614 615 
8  616 617 618 619 620 621 622 623 
8  624 625 626 627 628 629 630 631 
8  632 633 634 635 636 637 638 639 
8  640 641 642 643 644 645 646 647 
8  648 649 650 651 652 653 654 655 
8  656 657 658 659 660 661 662 663 
8  664 665 666 667 668 669 670 671 
8  672 673 674 675 676 677 678 679 
8  680 681 682 683 684 685 686 687 
8  688 689 690 691 692 693 694 695 
8  696 697 698 699 700 701 702 703 
8  704 705 706 707 708 709 710 711 
8  712 713 714 715 716 717 718 719 
8  720 721 722 723 724 725 726 727 
8  728 729 730 731 732 733 734 735 
8  736 737 738 739 740 741 742 743 
8  744 745 746 747 748 749 750 751 
8  752 753 754 755 756 757 758 759 
8  760 761 762 763 764 765 766 767 
8  768 769 770 771 772 773 774 775 
8  776 777 778 779 780 781 782 783 
8  784 785 786 787 788 789 790 791 
8  792 793 794 795 796 797 798 799 
8  800 801 802 803 804 805 806 807 
8  808 809 810 811 812 813 814 815 
8  816 817 818 819 820 821 822 823 
8  824 825 826 827 828 829 830 831 
8  832 833 834 835 836 837 838 839 
8  840 841 842 843 844 845 846 847 
8  848 849 850 851 852 853 854 855 
8  856 857 858 859 860 861 862 863 
8  864 865 866 867 868 869 870 871 
8  872 873 874 875 876 877 878 879 
8  880 881 882 883 884 885 886 887 
8  888 889 890 891 892 893 894 895 
8  896 897 898 899 900 901 902 903 
8  904 905 906 907 908 909 910 911 
8  912 913 914 915 916 917 918 919 
8  920 921 922 923 924 925 926 927 
8  928 929 930 931 932 933 934 935 
8  936 937 938 939 940 941 942 943 
8  944 945 946 947 948 949 950 951 
8  952 953 954 955 956 957 958 959 
8  960 961 962 963 964 965 966 967 
8  968 969 970 971 972 973 974 975 
8  976 977 978 979 980 981 982 983 
8  984 985 986 987 988 989 990 991 
8  992 993 994 995 996 997 998 999 
8  1000 1001 1002 1003 1004 1005 1006 1007 
8  1008 1009 1010 1011 1012 1013 1014 1015 
8  1016 1017 1018 1019 1020 1021 1022 1023 
8  1024 1025 1026 1027 1028 1029 1030 1031 
8  1032 1033 1034 1035 1036 1037 1038 1039 
8  1040 1041 1042 1043 1044 1045 1046 1047 
8  1048 1049 1050 1051 1052 1053 1054 1055 
8  1056 1057 1058 1059 1060 1061 1062 1063 
8  1064 1065 1066 1067 1068 1069 1070 1071 
8  1072 1073 1074 1075 1076 1077 1078 1079 
8  1080 1081 1082 1083 1084 1085 1086 1087 
8  1088 1089 1090 1091 1092 1093 1094 1095 
8  1096 1097 1098 1099 1100 1101 1102 1103 
8  1104 1105 1106 1107 1108 1109 1110 1111 
8  1112 1113 1114 1115 1116 1117 1118 1119 
8  1120 1121 1122 1123 1124 1125 1126 1127 
8  1128 1129 1130 1131 1132 1133 1134 1135 
8  1136 1137 1138 1139 1140 1141 1142 1143 
8  1144 1145 1146 1147 1148 1149 1150 1151 
8  1152 1153 1154 1155 1156 1157 1158 1159 
8  1160 1161 1162 1163 1164 1165 1166 1167 
8  1168 1169 1170 1171 1172 1173 1174 1175 
8  1176 1177 1178 1179 1180 1181 1182 1183 
8  1184 1185 1186 1187 1188 1189 1190 1191 
8  1192 1193 1194 1195 1196 1197 1198 1199 
8  1200 1201 1202 1203 1204 1205 1206 1207 
8  1208 1209 1210 1211 1212 1213 1214 1215 
8  1216 1217 1218 1219 1220 1221 1222 1223 
8  1224 1225 1226 1227 1228 1229 1230 1231 
8  1232 1233 1234 1235 1236 1237 1238 1239 
8  1240 1241 1242 1243 1244 1245 1246 1247 
8  0 8 16 24 32 40 1248 1249 
8  1 48 56 64 72 80 88 96 
8  2 104 112 120 128 136 144 152 
8  3 160 168 176 184 192 200 208 
8  4 216 224 232 240 248 256 264 
8  5 272 280 288 296 304 312 320 
8  6 328 336 344 352 360 368 376 
8  7 384 392 400 408 416 424 432 
8  9 440 448 456 464 472 480 488 
8  10 496 504 512 520 528 536 544 
8  11 552 560 568 576 584 592 600 
8  12 608 616 624 632 640 648 656 
8  13 664 672 680 688 696 704 712 
8  14 720 728 736 744 752 760 768 
8  15 776 784 792 800 808 816 824 
8  17 832 840 848 856 864 872 880 
8  18 888 896 904 912 920 928 936 
8  19 944 952 960 968 976 984 992 
8  20 1000 1008 1016 1024 1032 1040 1048 
8  21 1056 1064 1072 1080 1088 1096 1104 
8  22 1112 1120 1128 1136 1144 1152 1160 
8  23 1168 1176 1184 1192 1200 1208 1216 
8  25 49 105 161 217 1224 1232 1240 
8  26 57 113 169 225 273 329 385 
8  27 65 121 177 233 281 337 393 
8  28 73 129 185 241 289 345 401 
8  29 81 137 193 249 297 353 409 
8  30 89 145 201 257 305 361 417 
8  31 97 153 209 265 313 369 425 
8  33 50 114 178 242 298 362 426 
8  34 58 106 186 234 306 354 433 
8  35 66 130 162 226 314 377 410 
8  36 74 122 170 218 321 370 418 
8  37 82 146 210 274 338 402 441 
8  38 90 138 266 282 330 449 497 
8  39 98 194 258 290 386 457 505 
8  41 51 123 187 227 442 498 553 
8  42 59 131 179 219 450 506 561 
8  43 67 107 171 243 458 513 569 
8  44 75 115 163 235 465 521 577 
8  45 83 154 202 283 346 387 473 
8  46 91 195 275 371 394 481 529 
8  47 99 139 307 339 489 537 585 
8  52 132 172 236 474 530 609 833 
8  53 140 203 276 378 434 665 889 
8  54 147 196 267 322 347 721 945 
8  55 155 250 291 331 395 777 1001 
8  60 124 164 244 475 538 617 841 
8  61 141 211 259 323 396 673 897 
8  62 148 251 284 372 459 729 953 
8  63 156 197 340 419 466 785 1009 
8  68 116 188 220 476 545 625 849 
8  69 142 292 363 443 522 681 905 
8  70 149 299 332 435 467 737 961 
8  71 157 260 277 355 451 793 1017 
8  76 108 180 228 477 586 633 857 
8  77 143 315 388 482 514 689 913 
8  78 150 356 397 490 499 745 969 
8  79 158 300 379 444 507 801 1025 
8  84 109 261 316 333 491 593 865 
8  85 117 268 293 380 420 641 921 
8  86 125 308 427 452 515 697 977 
8  87 133 324 364 436 460 753 1033 
8  92 110 212 252 348 468 601 873 
8  93 118 317 341 437 508 649 929 
8  94 126 294 357 546 562 705 985 
8  95 134 301 389 492 523 761 1041 
8  100 111 204 302 398 453 657 881 
8  101 119 253 325 403 483 713 937 
8  102 127 278 349 411 524 769 993 
8  103 135 285 358 421 445 809 1049 
8  151 165 295 428 484 554 817 1057 
8  159 166 309 404 461 500 563 1065 
8  167 254 279 365 493 509 570 1113 
8  173 255 310 381 525 555 825 1073 
8  174 262 286 405 469 539 626 1121 
8  175 269 303 342 485 547 578 1169 
8  181 263 350 438 446 516 579 1081 
8  182 270 311 390 470 531 571 1129 
8  183 318 359 406 526 602 610 1177 
8  189 271 366 399 517 564 611 1089 
8  190 287 382 429 494 532 580 1137 
8  191 319 422 454 540 572 634 1185 
8  198 221 334 407 518 556 618 1097 
8  199 229 367 455 548 594 642 1145 
8  205 222 343 412 462 533 595 1105 
8  206 230 326 430 471 510 612 1153 
8  207 237 335 447 541 565 643 1193 
8  213 223 383 391 501 587 613 1161 
8  214 231 423 463 527 619 666 1201 
8  215 238 413 486 511 627 682 722 
8  239 327 495 519 603 635 667 730 
8  245 373 414 502 581 636 674 1209 
8  246 439 487 566 658 698 731 778 
8  247 534 557 628 668 738 786 858 
8  351 431 503 573 620 683 732 1217 
8  374 478 558 644 684 746 779 866 
8  375 542 596 614 669 723 794 850 
8  415 479 567 650 670 754 802 874 
8  535 588 621 675 724 780 875 890 
8  543 559 651 676 733 810 834 1034 
8  549 574 615 690 739 781 842 898 
8  550 589 652 685 762 787 882 914 
8  551 604 622 699 747 795 835 906 
8  575 629 677 748 803 883 922 946 
8  582 623 691 755 788 851 923 1002 
8  583 630 700 763 811 843 891 954 
8  590 631 692 734 796 867 930 962 
8  591 645 671 770 812 899 947 1003 
8  597 637 686 740 804 836 938 955 
8  598 653 693 749 818 859 892 1050 
8  599 659 678 756 826 844 907 963 
8  605 646 679 741 819 852 915 1026 
8  606 654 706 725 827 868 900 956 
8  607 660 687 771 860 924 970 1010 
8  638 694 726 813 884 908 971 1058 
8  639 701 757 820 869 948 1011 1066 
8  647 695 764 805 978 1012 1074 1225 
8  655 702 742 925 986 1018 1130 1233 
8  661 707 743 797 876 949 1035 1114 
8  662 714 727 789 837 931 979 1019 
8  663 750 814 853 939 987 1042 1067 
8  703 772 790 877 940 964 1027 1059 
8  708 735 791 845 972 1043 1082 1241 
8  709 751 916 965 1004 1075 1122 1186 
8  710 758 782 838 994 1028 1090 1131 
8  711 765 821 909 1020 1098 1138 1170 
8  715 759 798 861 901 988 1106 1123 
8  716 766 783 854 950 1051 1060 1194 
8  717 773 806 846 917 1036 1068 1132 
8  718 815 870 926 995 1076 1115 1171 
8  719 822 878 957 1005 1083 1146 1178 
8  767 799 927 1029 1069 1147 1187 1242 
8  774 823 839 989 1077 1154 1195 1243 
8  775 828 855 893 980 1084 1116 1188 
8  807 862 910 996 1006 1155 1202 1234 
8  829 863 918 951 1021 1091 1148 1210 
8  830 879 932 973 1052 1070 1124 1172 
8  831 885 941 997 1013 1099 1162 1179 
8  847 933 990 1007 1061 1117 1211 1226 
8  871 894 974 1022 1107 1156 1180 1227 
8  886 895 966 1037 1092 1139 1196 1235 
8  52 887 902 981 1030 1157 1173 1248 
8  1 448 903 967 1014 1085 1133 1203 
8  911 958 1015 1093 1118 1218 1244 1249 
8  10 49 919 959 1044 1062 1140 1204 
8  11 57 204 934 998 1038 1086 1219 
8  2 457 540 935 1031 1078 1141 1181 
8  24 443 942 975 1039 1079 1149 1205 
8  3 467 496 670 943 982 1053 1094 
8  26 322 379 983 1045 1100 1125 1197 
8  83 238 370 574 991 1054 1087 1142 
8  4 441 532 999 1023 1063 1126 1245 
8  82 163 546 675 1046 1095 1158 1189 
8  97 186 334 605 1047 1108 1119 1236 
8  8 68 211 1055 1101 1134 1190 1228 
8  92 225 515 624 782 1071 1143 1212 
8  120 254 318 533 1102 1150 1220 1237 
8  33 157 486 537 741 1103 1159 1213 
8  35 250 512 590 1109 1135 1174 1246 
8  88 246 326 645 832 1110 1163 1191 
8  5 474 527 568 661 1111 1151 1198 
8  40 268 439 596 761 1127 1182 1238 
8  6 492 553 696 855 1164 1175 1229 
8  12 73 251 339 846 1020 1165 1199 
8  143 234 347 551 718 1166 1206 1247 
8  59 288 668 745 1024 1167 1214 1239 
8  61 298 346 528 637 708 854 1183 
8  118 192 284 560 638 751 1207 1230 
8  9 102 160 834 888 1125 1215 1221 
8  34 394 469 597 770 1138 1222 1231 
8  71 196 310 581 615 807 1059 1223 
8  0 50 58 65 482 588 711 924 
8  7 17 506 578 640 715 735 831 
8  13 25 38 80 173 399 939 1112 
8  14 18 89 155 179 414 870 1092 
8  15 27 36 104 195 383 848 1158 
8  16 51 66 76 197 427 541 606 
8  19 29 39 56 270 407 650 799 
8  20 30 42 84 184 483 522 784 
8  21 28 60 85 99 147 220 664 
8  22 31 44 48 106 278 552 695 
8  23 37 41 112 206 374 516 707 
8  32 62 67 348 490 642 755 889 
8  43 53 63 74 151 317 621 717 
8  45 54 70 77 214 294 651 771 
8  46 64 105 248 421 549 662 820 
8  47 55 69 300 400 678 858 957 
8  72 109 113 121 205 572 699 829 
8  75 81 101 107 257 534 663 1168 
8  78 86 91 114 264 411 704 880 
8  79 98 110 282 364 558 727 997 
8  87 93 111 177 503 630 774 1108 
8  90 100 117 164 446 589 701 1101 
8  94 103 108 115 168 598 714 975 
8  95 122 137 153 188 459 659 902 
8  96 116 123 183 382 677 790 988 
8  119 124 129 213 306 728 894 1014 
8  125 130 138 258 299 584 823 973 
8  126 131 198 434 627 878 1023 1074 
8  127 133 139 331 485 612 749 1080 
8  128 161 169 178 271 557 639 847 
8  132 141 156 165 201 550 775 1123 
8  134 142 154 170 274 431 646 726 
8  135 140 145 159 341 519 803 1118 
8  136 162 171 221 464 700 860 1186 
8  144 166 172 181 190 413 591 906 
8  146 158 167 228 564 691 830 1034 
8  148 174 180 235 384 451 652 994 
8  149 175 240 526 811 918 1086 1157 
8  150 176 216 272 377 473 599 1012 
8  152 185 193 237 619 765 940 1129 
8  182 187 194 253 542 687 981 1056 
8  189 209 226 236 260 343 644 952 
8  191 202 212 217 275 653 845 1171 
8  199 203 210 218 244 312 710 1052 
8  200 219 227 266 495 690 959 1022 
8  207 229 241 255 499 724 967 1226 
8  208 222 230 233 301 575 868 1007 
8  215 224 276 285 289 297 697 912 
8  223 231 286 484 604 754 881 1079 
8  232 277 283 319 363 500 736 1045 
8  239 242 265 273 287 290 756 1102 
8  243 249 259 328 511 766 974 1093 
8  245 261 267 279 337 601 692 986 
8  247 252 262 269 295 308 649 909 
8  256 280 329 338 375 562 620 862 
8  263 281 291 302 381 632 928 1236 
8  292 305 313 321 340 479 763 1216 
8  293 303 307 314 323 371 600 716 
8  296 333 345 419 501 655 779 1096 
8  304 330 351 356 412 442 792 916 
8  309 315 324 332 393 548 810 1099 
8  311 316 327 336 487 849 932 958 
8  320 335 342 349 353 535 869 1205 
8  325 352 387 395 410 582 797 1077 
8  344 385 397 402 450 676 1006 1069 
8  350 354 361 369 378 463 629 837 
8  355 365 372 380 428 635 764 966 
8  357 362 373 386 396 466 555 752 
8  358 366 388 401 475 510 679 976 
8  359 367 389 398 480 671 826 1240 
8  360 391 403 409 530 607 800 1211 
8  368 390 404 417 426 440 654 1040 
8  376 392 445 449 465 622 822 902 
8  405 415 418 425 493 658 917 1050 
8  406 420 429 433 569 720 1039 1164 
8  408 444 454 468 513 740 934 1144 
8  416 447 452 458 476 694 951 1243 
8  422 456 507 554 796 943 1081 1199 
8  423 436 453 470 517 685 963 1156 
8  424 455 460 481 520 746 877 1015 
8  430 435 461 489 514 545 758 936 
8  432 462 471 477 498 806 867 1142 
8  437 472 518 524 529 587 955 1029 
8  438 488 497 505 543 821 992 1111 
8  478 491 504 563 571 577 886 933 
8  494 502 508 538 608 681 815 1189 
8  509 521 531 539 547 618 706 1067 
8  523 565 570 579 585 593 628 968 
8  525 566 573 583 586 689 1092 1126 
8  536 556 561 580 594 602 657 767 
8  544 567 609 617 626 729 859 1114 
8  559 595 603 613 623 625 641 709 
8  576 610 631 633 643 665 987 1098 
8  592 611 634 647 660 702 885 1001 
8  614 673 682 693 698 705 942 1109 
8  616 667 674 703 713 737 871 1242 
8  636 666 683 721 739 773 795 1041 
8  648 669 684 731 950 1025 1105 1203 
8  314 656 672 722 730 738 893 996 
8  680 723 733 742 747 817 935 1091 
8  686 725 734 748 759 769 1016 1113 
8  688 732 743 753 762 833 1047 1176 
8  712 744 776 836 841 850 904 1185 
8  719 750 757 772 793 801 882 1212 
8  760 777 785 794 802 809 856 929 
8  768 778 786 798 804 813 1053 1150 
8  780 788 805 812 818 825 887 1119 
8  286 781 787 814 819 857 921 980 
8  131 783 789 827 840 892 913 1222 
8  791 828 839 866 873 883 910 1134 
8  808 835 842 851 861 865 960 1167 
8  215 816 838 843 853 863 1033 1120 
8  824 852 874 884 891 925 1110 1137 
8  844 875 897 927 930 937 1049 1204 
8  864 890 898 905 914 978 1038 1213 
8  304 872 896 945 953 961 991 1089 
8  876 895 899 907 915 922 977 1161 
8  879 900 908 923 948 993 1199 1224 
8  901 911 919 926 931 938 969 1097 
8  903 941 954 970 983 985 1021 1065 
8  43 920 944 1004 1013 1017 1026 1043 
8  946 956 962 971 979 990 1072 1221 
8  4 947 964 972 989 1008 1068 1103 
8  177 949 982 995 1000 1057 1071 1127 
8  25 965 998 1009 1018 1030 1051 1209 
8  984 1002 1010 1019 1027 1035 1145 1174 
8  70 999 1003 1011 1031 1036 1042 1054 
8  39 1005 1044 1055 1066 1073 1090 1165 
8  101 1028 1037 1046 1058 1070 1075 1084 
8  284 1032 1060 1076 1082 1094 1100 1153 
8  91 1048 1061 1085 1095 1106 1136 1177 
8  79 1062 1078 1083 1107 1121 1130 1166 
8  1063 1087 1128 1169 1179 1187 1193 1239 
8  168 1064 1115 1122 1131 1139 1148 1183 
8  69 1088 1117 1132 1140 1147 1154 1175 
8  232 1104 1116 1124 1133 1141 1146 1214 
8  557 1135 1143 1149 1155 1162 1188 1217 
8  74 1151 1159 1163 1170 1181 1218 1225 
8  61 727 1152 1172 1191 1196 1201 1210 
8  65 504 1160 1173 1178 1194 1202 1215 
8  1 11 20 33 945 1180 1195 1232 
8  17 277 1182 1190 1198 1207 1219 1246 
8  3 12 26 45 1184 1227 1233 1241 
8  2 28 53 686 1192 1228 1234 1244 
8  56 108 129 1197 1206 1220 1229 1248 
8  9 29 90 851 1200 1231 1235 1245 
8  5 10 124 654 1208 1230 1238 1247 
8  0 73 82 89 97 105 172 1223 
8  6 14 31 67 83 118 132 1237 
8  48 117 126 141 146 182 222 1249 
8  7 13 41 62 93 98 142 781 
8  8 54 84 95 112 167 223 247 
8  15 19 47 87 116 148 156 256 
8  16 59 92 119 139 149 398 574 
8  18 35 46 81 127 203 239 309 
8  21 36 49 113 143 158 176 357 
8  22 57 68 94 133 181 193 499 
8  23 27 52 78 138 157 160 594 
8  24 55 86 100 128 188 199 471 
8  30 34 64 115 125 154 221 543 
8  32 72 134 184 224 307 328 554 
8  37 60 71 75 135 175 229 634 
8  38 42 76 102 144 244 260 575 
8  40 80 104 164 191 230 251 631 
8  44 66 85 122 200 240 366 798 
8  50 99 120 163 173 211 270 454 
8  51 103 136 202 264 288 367 511 
8  58 130 153 174 195 206 254 703 
8  63 110 114 162 185 320 523 838 
8  77 106 123 145 169 245 296 794 
8  88 107 140 178 196 213 250 956 
8  96 137 150 212 242 263 336 563 
8  109 147 170 187 246 280 400 888 
8  111 151 155 189 273 310 368 938 
8  121 159 171 186 210 248 298 668 
8  152 180 205 243 282 347 407 600 
8  161 194 204 209 272 331 358 437 
8  165 183 198 214 234 241 268 871 
8  166 197 216 281 316 348 374 719 
8  179 207 258 274 306 322 360 623 
8  190 201 228 252 278 299 327 783 
8  192 217 225 235 261 292 349 672 
8  208 249 267 305 375 382 384 743 
8  218 226 253 283 300 356 448 579 
8  219 236 276 311 346 359 408 723 
8  220 238 255 257 271 294 324 760 
8  227 259 287 339 365 390 411 718 
8  231 265 323 333 341 355 413 735 
8  233 266 275 317 325 345 362 658 
8  237 262 312 344 414 420 459 776 
8  269 285 315 350 403 453 477 772 
8  279 291 326 351 389 421 474 787 
8  289 329 354 392 472 536 570 828 
8  290 301 319 330 370 402 427 805 
8  293 332 343 361 387 405 444 971 
8  295 318 334 364 397 415 440 848 
8  297 313 376 386 423 481 489 645 
8  302 308 335 363 406 410 456 693 
8  303 352 416 469 491 503 516 834 
8  321 377 385 433 442 486 521 747 
8  337 369 388 436 443 495 496 744 
8  338 378 395 418 464 500 506 877 
8  340 371 379 401 431 439 451 823 
8  342 372 399 422 434 473 492 687 
8  353 381 404 452 467 482 505 592 
8  373 424 479 490 507 533 589 605 
8  380 393 409 438 458 522 552 653 
8  383 396 412 417 435 455 475 773 
8  391 394 425 441 462 508 526 948 
8  419 428 446 450 457 524 571 1114 
8  426 449 463 478 483 519 535 691 
8  429 447 466 485 497 518 595 903 
8  430 480 501 525 534 540 601 714 
8  432 484 493 515 530 542 546 1002 
8  445 460 494 550 555 564 572 708 
8  461 468 487 509 559 581 819 1227 
8  465 502 514 558 565 607 701 850 
8  470 520 553 578 588 596 604 638 
8  476 512 560 612 619 642 652 926 
8  488 517 548 576 621 650 688 748 
8  498 513 527 532 537 549 648 885 
8  510 529 541 551 568 624 664 1018 
8  528 562 569 591 599 606 608 793 
8  531 561 590 615 635 644 651 904 
8  538 545 587 639 661 670 695 715 
8  539 566 598 610 674 685 726 872 
8  544 573 597 640 673 750 777 973 
8  547 584 614 636 655 657 745 895 
8  556 585 609 637 646 649 699 946 
8  567 582 632 675 697 706 716 1008 
8  577 603 659 696 721 749 765 1244 
8  580 611 620 627 671 676 694 1055 
8  24 583 613 662 666 677 752 829 
8  586 602 616 680 756 774 784 1013 
8  593 617 633 682 736 789 803 1031 
8  618 628 647 681 720 792 833 998 
8  622 629 660 669 689 710 740 1032 
8  625 663 679 683 754 764 791 1061 
8  626 667 705 724 746 755 766 1179 
8  630 678 684 690 711 717 832 1145 
8  641 698 738 767 800 839 896 1016 
8  643 700 722 785 826 849 898 1090 
8  656 665 753 779 790 799 806 1078 
8  692 707 713 761 770 807 817 847 
8  702 709 728 780 837 846 858 936 
8  704 729 737 757 763 825 835 897 
8  712 739 758 809 821 827 922 967 
8  725 741 788 841 860 878 939 1143 
8  730 751 782 797 811 820 830 1056 
8  731 771 808 873 928 955 978 994 
8  732 775 802 822 842 886 912 1224 
8  193 733 786 843 868 876 881 965 
8  734 801 815 840 906 941 1037 1151 
8  742 759 812 854 866 916 957 975 
8  4 762 769 810 844 852 859 952 
8  768 816 864 920 958 963 999 1173 
8  78 778 831 853 867 899 959 1027 
8  795 814 874 913 933 974 996 1012 
8  210 796 818 836 914 924 950 997 
8  804 857 869 889 909 932 961 1080 
8  33 813 845 855 862 919 966 986 
8  824 856 911 947 1022 1029 1039 1045 
8  861 875 882 954 995 1026 1034 1129 
8  387 863 870 879 887 893 942 984 
8  379 865 884 917 929 940 949 1014 
8  880 894 900 918 960 1000 1074 1098 
8  883 890 931 953 993 1004 1053 1059 
8  454 891 901 944 1036 1077 1119 1168 
8  892 908 930 976 1001 1009 1041 1128 
8  905 921 943 968 1003 1062 1102 1183 
8  56 907 935 970 1033 1050 1063 1105 
8  44 910 925 934 951 981 1040 1079 
8  915 937 972 1006 1020 1088 1182 1212 
8  238 923 962 1015 1021 1025 1038 1044 
8  154 927 964 982 1042 1083 1113 1155 
8  969 977 987 1005 1060 1108 1132 1184 
8  37 979 1011 1082 1110 1120 1175 1234 
8  980 988 1017 1049 1064 1152 1222 1247 
8  398 983 1007 1028 1104 1159 1185 1204 
8  985 1024 1073 1081 1097 1135 1176 1229 
8  60 989 1030 1047 1057 1093 1133 1161 
8  153 990 1023 1046 1099 1109 1144 1192 
8  991 1043 1069 1101 1107 1112 1205 1223 
8  128 992 1048 1065 1116 1156 1169 1207 
8  262 1010 1058 1089 1111 1115 1157 1167 
8  242 1019 1054 1071 1117 1166 1186 1235 
8  58 126 1035 1067 1085 1125 1154 1228 
8  463 1051 1068 1091 1121 1137 1171 1220 
8  1052 1072 1118 1138 1158 1164 1193 1203 
8  43 96 201 289 1066 1087 1149 1208 
8  42 267 1070 1094 1134 1142 1163 1200 
8  236 1075 1103 1106 1147 1194 1231 1249 
8  64 144 1076 1123 1162 1196 1226 1242 
8  41 73 159 1084 1126 1140 1180 1209 
8  7 30 1086 1122 1165 1174 1211 1236 
8  47 110 135 1095 1124 1195 1217 1230 
8  6 35 54 1096 1127 1187 1202 1218 
8  0 115 131 1100 1130 1172 1177 1243 
8  9 46 50 134 343 1131 1153 1198 
8  51 148 218 333 1136 1190 1213 1237 
8  11 55 121 150 313 1139 1189 1206 
8  14 75 186 316 641 1141 1197 1240 
8  71 123 215 649 1146 1191 1232 1248 
8  8 79 125 178 344 1148 1216 1239 
8  16 107 190 233 293 1150 1201 1241 
8  32 85 136 253 633 1160 1219 1233 
8  18 98 165 329 346 1170 1214 1245 
8  5 19 100 175 217 361 1178 1188 
8  12 21 162 199 285 305 1181 1210 
8  1 111 174 214 219 1215 1225 1246 
8  22 86 142 151 205 667 1221 1238 
8  2 34 87 196 227 335 475 660 
8  3 38 61 69 223 237 358 547 
8  10 17 63 70 82 180 352 486 
8  13 52 109 183 275 388 543 589 
8  15 48 166 207 269 359 507 573 
8  20 53 90 169 216 308 355 494 
8  23 67 103 182 225 319 381 394 
8  25 59 77 152 226 362 416 532 
8  26 66 91 101 141 286 342 440 
8  27 62 117 189 296 452 526 551 
8  28 88 127 156 231 360 424 556 
8  29 74 112 179 232 332 429 585 
8  31 76 140 191 295 467 527 875 
8  36 45 89 279 303 460 541 677 
8  39 65 84 139 320 368 408 566 
8  40 49 130 245 311 334 455 611 
8  57 83 102 213 314 337 404 542 
8  68 97 124 224 351 380 466 610 
8  72 149 161 239 340 350 502 588 
8  80 119 155 198 259 377 462 565 
8  81 92 157 187 318 478 636 700 
8  93 120 184 263 385 430 590 597 
8  94 147 203 328 425 470 474 616 
8  95 99 106 192 395 428 528 643 
8  104 200 277 294 298 403 571 621 
8  105 116 138 312 365 520 680 801 
8  108 122 194 307 397 512 629 732 
8  113 197 211 251 363 432 504 584 
8  114 133 208 283 491 534 622 776 
8  118 137 173 228 364 371 536 613 
8  129 146 202 315 373 521 624 698 
8  132 176 244 297 310 325 443 605 
8  143 163 206 256 406 479 559 656 
8  145 160 287 326 392 567 686 782 
8  158 172 204 249 420 465 548 683 
8  164 170 177 257 376 456 549 560 
8  167 212 280 386 434 544 702 774 
8  168 220 278 282 341 482 490 615 
8  171 230 258 369 487 550 602 647 
8  181 209 221 246 449 492 568 736 
8  185 222 250 265 438 608 689 746 
8  188 235 272 339 480 516 561 720 
8  195 240 291 413 436 540 623 654 
8  229 270 281 321 414 587 696 786 
8  234 252 330 366 458 531 583 855 
8  241 284 299 357 415 483 630 646 
8  243 271 274 300 484 496 631 662 
8  247 276 323 446 545 598 620 808 
8  248 273 347 383 447 575 582 684 
8  254 260 268 304 391 464 519 580 
8  255 301 336 433 538 576 673 784 
8  261 309 370 437 553 619 705 741 
8  264 302 354 431 468 530 715 751 
8  266 292 372 469 569 666 780 849 
8  288 348 382 399 448 539 659 734 
8  290 378 476 537 557 675 769 830 
8  306 317 389 407 498 562 639 742 
8  322 331 374 423 509 586 738 840 
8  324 338 356 426 604 661 674 775 
8  327 367 375 419 628 708 750 1000 
8  345 384 461 574 594 632 687 727 
8  349 393 427 581 617 645 663 796 
8  353 418 477 601 614 728 824 968 
8  390 439 459 499 637 664 772 811 
8  396 405 523 603 655 695 809 938 
8  400 457 473 638 703 710 760 851 
8  401 411 422 497 546 644 668 814 
8  402 421 485 495 552 704 771 870 
8  409 445 500 596 626 672 838 919 
8  410 441 451 489 618 665 733 828 
8  412 488 558 612 706 756 813 981 
8  417 471 564 640 723 842 909 983 
8  435 503 511 535 634 652 794 899 
8  442 453 493 591 625 712 863 1009 
8  444 481 563 676 699 707 759 787 
8  450 514 533 653 713 722 880 973 
8  472 555 606 627 718 743 745 905 
8  501 515 577 679 729 770 792 879 
8  505 513 609 658 692 785 894 957 
8  506 517 525 709 739 869 969 1136 
8  508 579 635 693 719 826 989 1120 
8  510 522 595 690 697 768 878 934 
8  518 572 651 682 716 820 858 884 
8  524 592 691 721 735 800 871 980 
8  529 554 593 650 711 730 853 945 
8  570 642 669 714 763 864 939 1057 
8  578 678 701 725 799 928 985 1051 
8  599 670 781 833 918 971 1069 1129 
8  600 648 694 744 791 822 889 995 
8  607 671 717 762 823 877 888 1082 
8  657 681 737 777 845 923 1048 1122 
8  685 752 783 807 834 902 943 1015 
8  688 773 789 861 907 1007 1094 1149 
8  724 731 790 848 926 1001 1023 1086 
8  31 726 740 754 816 895 1044 1181 
8  95 747 753 831 857 1005 1112 1195 
8  30 748 761 832 893 903 1054 1103 
8  29 749 758 847 885 951 1107 1189 
8  755 778 817 911 991 998 1124 1153 
8  40 757 810 872 917 1018 1072 1188 
8  3 764 779 815 829 876 958 1024 
8  5 765 788 793 912 946 1028 1121 
8  766 797 803 860 908 959 1101 1214 
8  13 767 812 931 963 1046 1212 1220 
8  795 841 866 944 1050 1088 1160 1240 
8  158 798 819 837 947 1073 1139 1169 
8  20 802 854 890 990 1066 1141 1157 
8  18 114 804 827 949 970 1075 1233 
8  34 166 805 843 921 1019 1093 1198 
8  6 806 821 835 942 1004 1095 1113 
8  27 818 865 896 972 1037 1130 1230 
8  825 850 933 964 1017 1111 1125 1142 
8  99 836 862 868 976 1031 1085 1216 
8  57 104 839 844 948 974 1027 1096 
8  36 103 846 873 962 1063 1097 1201 
8  83 852 900 935 1064 1162 1209 1249 
8  87 856 897 916 979 1067 1092 1102 
8  16 229 859 867 886 982 1020 1077 
8  24 174 874 898 966 1002 1047 1187 
8  58 150 881 892 955 986 1056 1165 
8  162 233 882 904 975 1055 1084 1238 
8  63 291 883 913 1025 1071 1146 1168 
8  59 256 887 906 927 956 1060 1180 
8  39 51 546 891 937 967 1100 1148 
8  0 140 225 901 965 1040 1087 1159 
8  32 275 910 940 952 1052 1108 1226 
8  72 193 914 932 987 1016 1137 1202 
8  9 139 172 915 953 1011 1079 1116 
8  38 159 428 920 929 1032 1104 1237 
8  15 97 299 922 941 1061 1191 1244 
8  80 181 279 924 960 1039 1053 1126 
8  14 224 925 961 994 1035 1178 1222 
8  48 170 345 930 999 1089 1138 1176 
8  86 108 936 950 988 1012 1083 1190 
8  44 183 954 1003 1080 1114 1143 1192 
8  61 157 230 977 993 1010 1078 1217 
8  23 185 300 477 978 1006 1058 1123 
8  81 241 369 984 1045 1105 1134 1232 
8  50 94 327 992 1014 1029 1091 1236 
8  55 258 348 996 1021 1106 1161 1241 
8  53 116 396 997 1022 1070 1150 1211 
8  26 148 247 482 1008 1062 1119 1151 
8  8 187 465 615 1013 1033 1081 1117 
8  62 84 207 421 1026 1068 1074 1234 
8  12 106 266 914 1030 1065 1076 1109 
8  7 169 1034 1041 1059 1098 1110 1206 
8  123 274 353 1036 1090 1099 1156 1215 
8  82 216 386 1038 1049 1127 1167 1227 
8  76 93 271 716 1042 1131 1164 1208 
8  52 85 263 407 763 1043 1132 1196 
8  33 109 131 249 603 772 1115 1184 
8  4 101 180 301 611 1118 1135 1210 
8  41 132 149 422 576 856 1128 1225 
8  66 145 331 496 1133 1171 1182 1231 
8  19 134 234 286 478 591 1140 1218 
8  78 196 262 483 1144 1186 1203 1224 
8  42 212 392 726 916 1145 1158 1219 
8  25 122 387 484 608 700 1147 1207 
8  70 100 287 371 692 1152 1163 1229 
8  45 119 246 270 512 1154 1179 1205 
8  60 111 137 518 779 1155 1177 1199 
8  28 167 302 343 776 1166 1170 1213 
8  49 67 324 401 565 709 1172 1221 
8  112 285 458 673 734 1173 1185 1223 
8  21 43 209 344 525 725 1174 1197 
8  77 133 164 394 683 896 1175 1183 
8  37 91 245 432 599 621 1193 1247 
8  74 92 130 438 662 769 865 1194 
8  64 176 290 439 640 863 1200 1228 
8  46 146 354 501 685 1204 1239 1243 
8  17 75 126 252 404 680 927 1235 
8  113 237 267 487 503 748 1242 1248 
8  47 125 204 325 563 669 813 1245 
8  69 89 191 374 622 762 1070 1246 
8  1 10 138 186 349 375 508 846 
8  2 11 22 210 257 372 453 808 
8  35 73 117 326 463 593 712 954 
8  54 98 129 356 420 560 740 829 
8  56 118 203 384 497 757 938 1241 
8  65 79 88 147 419 580 741 911 
8  68 90 110 143 414 597 822 944 
8  71 136 239 376 415 573 767 951 
8  96 105 152 304 436 609 780 908 
8  102 155 269 430 682 812 1148 1195 
8  107 153 308 338 435 730 788 1133 
8  115 151 195 330 544 791 899 1051 
8  120 135 142 201 280 352 625 818 
8  121 165 220 367 379 578 660 953 
8  124 128 168 295 416 607 996 1045 
8  127 189 389 468 681 853 917 1172 
8  141 184 238 313 513 706 795 1130 
8  144 192 276 405 517 923 989 1084 
8  154 161 289 383 490 616 693 958 
8  156 173 272 495 617 839 895 1203 
8  160 218 293 514 630 742 790 1180 
8  163 179 284 351 529 801 898 1160 
8  171 177 197 332 567 747 864 988 
8  175 182 333 433 476 667 796 883 
8  178 202 260 334 461 678 744 1037 
8  188 194 213 355 444 650 860 1068 
8  190 198 200 315 469 684 802 977 
8  199 205 232 303 385 558 661 891 
8  206 215 342 362 688 777 1072 1230 
8  208 217 318 339 457 642 807 985 
8  211 219 240 309 516 717 754 946 
8  214 253 316 411 528 694 701 901 
8  221 228 235 337 626 715 887 1088 
8  222 226 277 307 467 655 707 826 
8  223 227 251 288 581 768 918 1125 
8  231 244 346 452 590 656 809 1248 
8  236 243 248 321 488 679 880 1035 
8  242 305 395 527 719 720 852 1095 
8  250 261 264 282 359 758 879 982 
8  254 259 281 402 550 666 816 900 
8  255 265 312 398 510 759 1043 1063 
8  268 278 328 443 534 831 946 1085 
8  273 361 448 498 645 703 913 1249 
8  283 292 306 425 547 676 873 1115 
8  294 296 335 424 613 778 835 925 
8  297 311 341 366 450 820 907 1103 
8  298 310 322 388 553 714 876 1086 
8  314 320 357 492 506 833 881 920 
8  317 323 380 515 586 708 1038 1116 
8  319 347 471 628 674 823 931 1090 
8  329 403 460 635 786 832 969 1026 
8  336 400 551 663 827 875 1126 1190 
8  340 358 391 491 549 686 1005 1039 
8  350 360 410 555 648 761 849 1004 
8  363 368 382 470 702 814 956 1196 
8  364 370 377 519 589 815 964 1128 
8  365 437 454 598 728 922 1066 1202 
8  373 381 449 537 671 804 848 1131 
8  115 378 390 485 605 760 945 1007 
8  393 406 511 731 847 857 1008 1246 
8  397 408 423 530 690 825 993 1235 
8  399 413 417 431 602 675 836 1020 
8  409 418 426 441 509 793 889 1060 
8  412 427 434 504 601 639 724 1024 
8  429 440 473 566 753 770 868 1157 
8  442 451 459 543 600 803 928 1154 
8  106 445 455 479 721 904 960 1011 
8  125 446 456 474 634 711 752 990 
8  447 462 520 649 659 736 782 1076 
8  464 522 542 637 840 1042 1106 1239 
8  466 475 535 570 696 810 1044 1124 
8  86 472 481 502 623 658 843 1104 
8  224 480 568 705 733 773 971 1048 
8  486 494 584 641 678 732 940 979 
8  489 524 562 677 841 932 1062 1231 
8  493 499 556 689 797 844 987 1238 
8  500 521 533 554 575 785 999 1075 
8  85 505 523 531 620 783 870 983 
8  507 526 532 545 582 910 1017 1181 
8  176 536 548 653 668 869 941 1153 
8  538 552 571 595 652 862 1019 1100 
8  250 539 557 574 718 774 799 1061 
8  42 540 559 569 579 672 842 950 
8  142 541 561 577 710 789 991 1014 
8  564 583 587 592 629 888 997 1186 
8  572 585 610 695 855 924 1071 1201 
8  588 594 606 612 713 828 929 1002 
8  206 596 618 624 739 894 943 1147 
8  408 604 614 619 643 766 845 1135 
8  627 632 644 654 765 824 1010 1207 
8  63 631 636 687 699 805 952 1136 
8  154 633 647 651 704 874 1033 1150 
8  120 638 646 738 771 937 1030 1142 
8  657 664 691 787 867 936 1045 1117 
8  665 698 727 729 743 751 1012 1140 
8  72 670 697 722 735 821 866 1192 
8  28 723 737 745 764 858 902 1052 
8  56 746 756 775 837 961 1158 1211 
8  259 749 755 781 784 957 1031 1127 
8  21 91 750 792 834 871 934 966 
8  112 568 794 800 811 877 905 1046 
8  111 166 708 798 806 872 935 1200 
8  97 309 817 830 861 974 981 1193 
8  96 819 838 850 859 885 897 1194 
8  123 162 851 878 884 892 947 1108 
8  143 194 854 882 903 906 994 1112 
8  6 145 545 886 890 921 998 1105 
8  76 396 893 909 912 949 963 1177 
8  114 434 915 926 933 962 1107 1197 
8  116 600 919 930 939 948 1032 1170 
8  149 628 659 942 959 965 1064 1233 
8  109 509 611 955 967 1078 1175 1198 
8  45 222 968 978 986 1016 1146 1164 
8  47 330 970 976 995 1029 1098 1152 
8  34 809 972 980 984 1025 1114 1163 
8  81 973 992 1000 1009 1021 1073 1247 
8  77 975 1001 1013 1018 1111 1213 1242 
8  15 226 1003 1015 1022 1091 1205 1225 
8  46 630 721 1006 1023 1027 1081 1141 
8  11 182 613 1028 1034 1040 1050 1102 
8  25 94 576 1036 1041 1049 1056 1217 
8  17 207 339 1047 1053 1058 1065 1143 
8  168 752 1054 1057 1067 1074 1214 1219 
8  92 272 817 1055 1059 1069 1109 1183 
8  290 633 1077 1080 1089 1097 1129 1191 
8  49 210 419 724 1079 1082 1092 1184 
8  31 280 450 1083 1093 1096 1110 1226 
8  18 323 520 847 1087 1094 1161 1220 
8  50 295 1099 1113 1120 1132 1137 1222 
8  205 231 382 1101 1118 1122 1155 1240 
8  78 314 447 979 1119 1121 1134 1178 
8  57 311 606 1123 1138 1144 1156 1185 
8  62 221 435 1139 1145 1159 1162 1168 
8  38 385 1149 1165 1171 1176 1187 1244 
8  99 249 460 1151 1167 1169 1206 1209 
8  52 193 521 694 1166 1174 1182 1188 
8  93 146 603 1094 1173 1179 1189 1224 
8  22 291 487 1035 1199 1204 1208 1218 
8  122 260 529 774 1210 1216 1227 1234 
8  19 298 412 1212 1221 1228 1232 1243 
8  16 242 421 665 973 1215 1223 1229 
8  0 9 20 36 165 471 698 1236 
8  1 60 262 275 504 832 1237 1245 
8  2 8 23 66 265 518 636 939 
8  3 10 24 33 51 110 417 736 
8  4 12 27 39 41 164 501 804 
8  5 13 26 32 44 155 494 739 
8  7 14 35 40 68 74 202 915 
8  29 43 48 69 245 378 722 783 
8  30 37 53 61 65 264 476 869 
8  54 58 64 156 181 370 688 885 
8  55 59 67 73 201 380 714 753 
8  70 75 80 113 318 538 766 1084 
8  71 79 82 95 101 204 626 821 
8  83 90 98 104 119 322 629 972 
8  84 88 100 105 124 266 548 703 
8  87 89 103 107 117 236 638 1113 
8  102 108 126 128 171 284 455 799 
8  118 121 157 214 445 784 1067 1138 
8  127 129 136 147 174 300 620 944 
8  130 137 144 158 177 223 558 793 
8  131 138 148 152 163 209 303 806 
8  132 139 151 153 212 293 510 765 
8  133 140 150 160 186 270 657 999 
8  134 141 159 196 369 452 621 757 
8  135 161 170 183 251 472 795 1075 
8  167 175 178 185 192 238 397 758 
8  169 180 191 195 200 351 741 881 
8  172 179 187 213 366 597 704 790 
8  173 184 199 215 216 438 787 958 
8  188 198 203 208 243 363 669 775 
8  189 197 217 228 232 247 690 970 
8  190 211 218 225 234 353 557 880 
8  219 229 233 244 252 313 661 863 
8  220 227 235 240 306 422 749 927 
8  230 237 241 248 282 391 599 737 
8  239 246 253 256 296 387 598 933 
8  254 257 267 273 332 416 682 876 
8  255 258 268 276 374 462 836 874 
8  261 269 274 297 532 687 750 1076 
8  162 263 278 283 289 399 713 1038 
8  271 277 285 288 316 418 652 1013 
8  279 281 292 299 308 379 528 779 
8  286 294 301 304 454 502 864 1052 
8  287 302 305 317 444 592 827 1059 
8  307 312 321 329 349 432 767 892 
8  310 315 320 333 336 513 680 984 
8  319 324 328 343 345 483 614 861 
8  325 331 337 344 429 544 826 1106 
8  326 334 338 346 352 372 798 923 
8  327 335 340 354 608 773 890 1083 
8  341 347 356 403 554 566 1021 1187 
8  342 350 355 383 468 858 906 1237 
8  348 357 360 371 436 697 789 1213 
8  358 361 375 376 556 755 928 1148 
8  359 362 377 384 394 581 654 861 
8  364 368 381 386 400 575 792 1020 
8  365 373 388 393 407 465 778 893 
8  367 390 392 402 409 478 649 943 
8  389 395 401 414 423 536 731 1096 
8  398 404 410 420 424 631 862 1051 
8  405 411 426 437 442 632 835 1100 
8  406 413 425 449 578 785 1108 1212 
8  415 427 433 441 448 534 550 991 
8  428 440 451 461 475 499 716 734 
8  430 439 443 552 700 833 1014 1241 
8  431 446 453 458 464 624 844 978 
8  456 466 473 481 523 675 845 1030 
8  457 469 474 480 489 586 883 1205 
8  459 467 477 485 488 546 717 911 
8  463 470 484 490 497 663 823 908 
8  479 482 492 503 508 705 840 1118 
8  486 491 496 505 517 522 570 854 
8  493 500 507 512 527 673 888 1024 
8  495 498 511 514 524 583 930 1228 
8  506 515 526 531 572 756 954 1170 
8  516 525 530 551 735 961 1057 1149 
8  104 519 533 539 549 640 891 1194 
8  36 535 537 547 553 625 807 884 
8  540 560 571 580 585 761 866 1150 
8  541 555 562 573 609 764 997 1110 
8  310 542 567 569 577 641 959 1188 
8  543 561 574 582 584 593 738 1066 
8  559 563 587 594 601 686 760 879 
8  52 564 591 595 604 668 719 962 
8  565 588 605 610 616 797 896 1144 
8  579 589 596 602 612 670 897 1165 
8  590 607 617 627 634 677 782 1181 
8  441 615 619 637 645 679 715 1130 
8  618 635 642 653 656 759 1027 1210 
8  622 639 643 648 658 768 1006 1119 
8  225 623 644 650 723 771 987 1037 
8  646 651 660 666 672 681 856 1166 
8  244 647 655 662 667 676 822 1046 
8  664 674 683 689 720 818 873 1156 
8  64 169 671 684 691 706 776 937 
8  685 692 696 710 718 824 1080 1151 
8  645 693 699 709 712 725 802 992 
8  695 701 707 726 728 882 1104 1216 
8  128 702 711 727 732 748 816 1088 
8  219 729 740 744 762 813 1000 1197 
8  385 730 742 745 754 875 1010 1215 
8  73 533 733 743 746 851 938 1152 
8  318 747 763 769 780 786 919 1227 
8  507 751 770 777 788 842 956 1055 
8  65 772 781 791 794 803 895 985 
8  796 800 810 819 829 841 848 1011 
8  67 801 808 820 828 834 859 1069 
8  75 489 805 811 831 903 1032 1221 
8  146 812 838 846 849 857 1048 1078 
8  495 814 825 837 902 949 1082 1217 
8  37 815 830 839 843 850 860 865 
8  184 852 870 872 886 889 1003 1190 
8  167 853 868 877 887 894 910 1246 
8  53 855 871 878 899 905 912 1077 
8  354 867 898 904 918 921 994 1184 
8  9 360 900 907 913 920 940 986 
8  22 307 526 901 909 914 922 1070 
8  16 375 916 924 929 941 945 1041 
8  290 917 925 931 936 955 1047 1247 
8  105 281 926 932 942 947 952 1028 
8  152 934 948 953 963 968 977 1171 
8  147 481 935 950 957 960 982 1230 
8  208 951 964 969 976 990 1049 1198 
8  220 602 965 974 980 989 993 1200 
8  96 441 966 971 983 995 1001 1182 
8  85 384 967 975 981 988 996 1071 
8  129 998 1005 1012 1016 1025 1033 1103 
8  13 196 511 1002 1009 1022 1026 1064 
8  32 261 1004 1008 1018 1029 1034 1133 
8  17 444 1007 1015 1017 1031 1039 1097 
8  1 323 1019 1040 1053 1056 1068 1073 
8  161 1023 1036 1043 1050 1058 1129 1159 
8  18 272 1042 1060 1065 1072 1081 1145 
8  71 693 1044 1054 1063 1079 1085 1115 
8  34 132 722 917 1061 1074 1086 1101 
8  259 1062 1087 1089 1098 1105 1158 1242 
8  213 1090 1102 1107 1114 1120 1134 1172 
8  26 187 268 1091 1099 1111 1112 1155 
8  115 908 1092 1109 1116 1121 1132 1164 
8  194 869 1093 1117 1125 1128 1137 1168 
8  59 390 978 1095 1126 1131 1141 1174 
8  119 455 1122 1135 1136 1146 1153 1192 
8  378 623 1123 1140 1157 1161 1206 1233 
8  84 209 648 1124 1139 1147 1160 1176 
8  88 634 733 1127 1142 1162 1169 1243 
8  248 535 1143 1154 1163 1173 1177 1238 
8  203 913 1167 1175 1178 1185 1195 1201 
8  27 276 569 931 1179 1186 1196 1202 
8  68 236 1180 1189 1193 1204 1211 1220 
8  43 404 1183 1191 1199 1203 1209 1226 
8  0 205 523 1207 1208 1222 1224 1234 
8  6 143 580 1214 1223 1225 1232 1244 
8  2 103 451 699 1218 1229 1235 1240 
8  4 10 185 730 1219 1231 1236 1248 
8  3 11 80 286 582 1239 1245 1249 
8  5 12 20 24 95 226 605 1067 
8  7 8 19 25 107 350 595 1154 
8  14 21 29 33 42 61 442 669 
8  15 23 30 35 60 287 423 700 
8  28 38 40 48 63 142 314 588 
8  31 39 46 49 92 237 651 980 
8  41 50 57 66 108 262 675 958 
8  44 51 56 69 150 285 644 752 
8  45 55 58 72 82 137 432 671 
8  47 54 62 78 81 89 210 608 
8  70 74 83 91 97 127 449 679 
8  76 86 90 99 109 206 376 729 
8  77 87 94 98 112 188 330 755 
8  79 93 100 106 113 171 275 674 
8  101 110 116 121 130 467 561 843 
8  102 111 114 120 195 478 720 969 
8  117 122 131 139 144 174 395 807 
8  118 123 133 136 166 607 739 1171 
8  124 134 140 148 153 165 509 723 
8  125 135 141 151 193 333 837 1225 
8  126 138 145 154 191 297 587 1193 
8  149 155 160 170 178 199 493 995 
8  156 163 172 176 186 233 434 1131 
8  157 164 168 180 190 207 399 932 
8  158 175 179 189 215 319 475 1241 
8  159 173 177 198 201 217 439 824 
8  181 192 202 211 216 227 398 709 
8  182 197 200 212 218 224 410 1247 
8  183 204 222 228 238 283 435 844 
8  214 221 229 232 242 320 431 815 
8  223 234 240 250 305 402 573 1153 
8  230 235 243 253 257 309 583 801 
8  231 239 241 249 258 279 514 878 
8  245 251 256 265 293 456 825 1159 
8  246 254 264 278 284 466 866 1068 
8  247 255 260 266 352 542 746 915 
8  252 263 270 273 280 343 503 665 
8  267 274 282 289 296 308 426 781 
8  269 277 291 300 304 365 538 630 
8  271 292 298 311 339 529 737 1096 
8  288 299 306 313 324 337 471 856 
8  294 303 315 321 334 344 592 935 
8  295 301 312 325 328 338 438 836 
8  302 322 329 336 418 577 924 1134 
8  316 326 331 340 361 590 683 1053 
8  317 327 332 342 346 424 668 886 
8  335 341 348 358 380 594 811 1175 
8  345 355 363 369 377 409 537 1035 
8  347 353 362 368 379 392 705 976 
8  349 356 364 372 382 387 545 1058 
8  351 357 366 370 513 670 851 1085 
8  74 359 371 381 391 443 802 1056 
8  367 373 383 394 400 433 765 840 
8  374 386 393 403 408 417 662 899 
8  388 396 406 415 416 428 788 1169 
8  389 397 405 412 419 447 725 972 
8  401 420 425 436 440 486 598 1000 
8  407 411 421 429 446 463 697 1025 
8  413 422 427 437 445 477 531 1091 
8  414 430 452 457 464 479 574 831 
8  448 458 465 473 482 510 727 927 
8  450 459 469 472 483 494 601 778 
8  453 460 468 474 484 504 615 763 
8  454 462 470 480 491 688 849 1214 
8  461 476 485 492 496 589 949 1023 
8  204 487 488 499 506 527 789 944 
8  490 498 505 512 521 540 800 1065 
8  497 508 515 520 532 567 741 1183 
8  500 516 522 528 541 546 808 1005 
8  501 518 530 539 548 552 627 920 
8  502 517 524 536 551 553 738 947 
8  519 534 543 544 555 560 660 988 
8  128 525 547 554 563 568 599 766 
8  202 549 556 562 570 576 586 853 
8  550 557 571 578 593 689 925 1103 
8  558 564 575 579 584 620 805 1042 
8  559 565 572 591 596 609 717 930 
8  169 566 581 585 597 603 611 952 
8  600 610 617 624 635 641 666 964 
8  604 612 616 625 633 684 859 1046 
8  164 606 613 618 626 632 731 1049 
8  82 614 622 628 637 640 757 910 
8  619 629 636 647 649 726 779 1022 
8  621 631 638 642 654 657 804 1162 
8  639 650 659 667 672 682 1052 1099 
8  643 652 656 676 680 690 888 1159 
8  646 653 658 664 677 734 890 1245 
8  655 661 678 681 691 784 906 1197 
8  50 663 673 685 701 704 713 842 
8  686 694 696 706 714 724 846 991 
8  89 687 692 698 708 715 721 1044 
8  695 702 710 712 735 747 953 1081 
8  703 707 716 732 736 754 862 1070 
8  711 718 728 740 777 873 1011 1220 
8  719 742 744 753 761 780 951 999 
8  124 743 748 756 760 770 783 1079 
8  109 745 758 762 768 776 785 1017 
8  170 749 759 764 771 782 806 979 
8  750 767 769 787 794 813 821 1128 
8  751 772 786 792 809 817 848 968 
8  28 773 790 793 812 819 826 959 
8  274 774 791 795 810 816 827 998 
8  700 775 796 803 814 820 832 911 
8  110 797 818 828 833 841 864 1087 
8  570 798 823 829 834 847 850 1178 
8  799 822 835 845 852 857 1038 1172 
8  62 830 838 854 858 867 912 1001 
8  346 839 855 863 872 881 956 1039 
8  301 860 870 874 880 892 962 1242 
8  180 555 865 875 885 889 922 1145 
8  355 868 882 891 896 905 973 1179 
8  300 871 876 883 893 897 938 1008 
8  636 877 884 901 904 916 923 1164 
8  1 879 894 898 907 919 928 1006 
8  2 249 887 895 900 914 921 961 
8  80 232 902 909 918 926 929 955 
8  553 903 933 936 945 957 963 1239 
8  103 661 934 937 946 954 960 989 
8  939 950 965 971 977 984 996 1090 
8  427 940 948 966 970 981 994 1140 
8  218 941 967 974 982 986 1031 1231 
8  93 942 985 992 1002 1012 1018 1125 
8  216 943 975 983 987 993 1026 1138 
8  63 430 990 997 1003 1010 1016 1034 
8  10 229 1004 1009 1019 1024 1033 1156 
8  90 1007 1013 1020 1027 1032 1041 1120 
8  282 1014 1021 1028 1036 1045 1055 1123 
8  98 1015 1029 1037 1047 1050 1059 1184 
8  341 1030 1040 1060 1066 1074 1080 1235 
8  106 1043 1048 1062 1064 1073 1084 1127 
8  9 1051 1057 1069 1072 1082 1089 1144 
8  13 293 478 1054 1061 1075 1083 1135 
8  78 331 1063 1071 1076 1086 1088 1155 
8  100 559 1077 1093 1098 1104 1112 1126 
8  142 332 1078 1092 1097 1105 1113 1202 
8  125 955 1094 1101 1106 1114 1121 1209 
8  322 1095 1107 1115 1129 1137 1150 1152 
8  328 1100 1108 1117 1122 1133 1142 1188 
8  27 1102 1109 1118 1141 1147 1161 1168 
8  130 368 1110 1116 1130 1136 1149 1157 
8  116 354 1111 1119 1124 1132 1143 1229 
8  191 359 1139 1146 1158 1163 1174 1221 
8  245 1148 1165 1173 1180 1186 1192 1201 
8  171 1151 1160 1177 1185 1196 1200 1234 
8  3 153 750 1166 1176 1189 1194 1203 
8  156 1167 1170 1187 1199 1205 1210 1246 
8  200 1181 1190 1195 1204 1212 1216 1236 
8  15 473 1182 1206 1208 1217 1226 1232 
8  18 192 819 1191 1198 1211 1218 1224 
8  33 312 1207 1215 1227 1237 1240 1248 
8  6 58 269 1213 1219 1230 1243 1249 
8  4 11 16 45 333 1222 1228 1238 
8  5 8 17 39 183 900 1223 1233 
8  0 12 19 30 86 255 1034 1244 
8  7 20 26 34 43 51 157 324 
8  14 22 24 36 41 52 96 393 
8  21 25 32 46 48 57 247 997 
8  23 29 38 44 49 59 88 625 
8  31 35 42 53 56 175 382 1029 
8  37 40 54 66 72 190 629 957 
8  47 60 64 73 83 92 168 389 
8  55 61 68 75 84 309 431 768 
8  65 76 81 91 111 113 152 672 
8  67 79 85 94 97 104 167 913 
8  69 87 95 102 105 165 412 1018 
8  70 99 107 112 121 131 141 263 
8  71 77 108 114 127 132 137 666 
8  101 117 120 129 140 154 504 743 
8  115 122 133 138 146 155 177 635 
8  118 126 134 139 147 240 702 1015 
8  119 123 143 144 159 358 796 1019 
8  135 136 148 158 160 173 243 651 
8  145 161 172 182 184 195 211 733 
8  149 162 174 176 187 207 513 839 
8  150 163 178 188 193 294 712 1093 
8  151 166 179 185 194 227 357 731 
8  181 186 196 201 208 304 656 1044 
8  189 198 205 212 219 225 286 950 
8  197 203 209 222 231 306 488 1121 
8  199 206 213 217 224 401 633 1245 
8  210 220 226 233 241 287 523 1002 
8  214 223 228 236 244 254 373 917 
8  215 230 234 242 256 334 714 1154 
8  221 237 250 257 270 345 641 847 
8  235 246 251 258 266 323 684 1120 
8  238 248 259 265 272 329 492 1196 
8  239 252 260 264 275 399 442 1048 
8  253 261 268 273 281 396 618 1195 
8  262 267 276 280 290 298 340 657 
8  271 278 291 296 305 315 377 788 
8  277 284 289 302 311 313 375 525 
8  279 283 288 297 307 440 557 1027 
8  285 292 303 310 318 326 424 939 
8  295 299 314 321 330 489 683 1233 
8  308 316 320 337 347 394 561 885 
8  317 335 336 350 356 451 627 1128 
8  319 325 339 348 353 361 509 914 
8  327 338 344 363 370 379 386 908 
8  342 351 352 364 369 384 414 609 
8  343 349 360 374 378 392 815 1055 
8  362 371 376 387 397 453 730 1097 
8  365 381 385 395 403 413 501 699 
8  366 372 383 390 398 405 588 758 
8  367 380 388 404 408 497 677 1234 
8  391 400 410 422 426 435 726 1008 
8  402 411 416 425 433 468 794 1116 
8  406 409 417 432 443 448 502 803 
8  407 415 419 434 444 449 476 842 
8  418 428 436 445 452 518 727 1127 
8  420 437 446 455 461 466 498 977 
8  421 438 447 450 456 465 508 804 
8  423 429 439 454 457 579 791 1140 
8  458 467 472 486 490 500 604 932 
8  459 464 474 481 491 511 512 827 
8  460 469 475 482 493 496 576 728 
8  462 479 483 495 499 505 573 887 
8  463 471 480 503 506 538 1000 1228 
8  470 477 487 494 507 515 541 880 
8  484 510 516 520 531 537 565 721 
8  485 514 522 530 536 549 624 923 
8  517 521 528 542 545 552 605 806 
8  519 524 532 540 546 698 918 1226 
8  526 529 539 550 556 560 569 696 
8  527 533 543 547 558 594 776 1133 
8  158 534 551 554 562 571 610 907 
8  535 548 563 572 578 584 597 965 
8  544 564 574 581 586 811 993 1244 
8  303 566 568 577 587 593 795 1024 
8  120 567 575 580 591 592 662 882 
8  582 585 595 601 608 617 630 983 
8  583 589 598 600 611 616 707 926 
8  97 590 599 602 613 619 669 1137 
8  596 603 615 621 628 632 732 984 
8  606 614 620 631 634 644 763 1078 
8  607 612 623 626 638 640 649 991 
8  622 642 650 663 664 675 790 1216 
8  637 647 648 659 665 673 722 1125 
8  639 646 652 668 674 686 767 1163 
8  453 643 653 660 667 678 706 1161 
8  645 654 658 670 676 681 745 1084 
8  655 671 679 680 692 697 798 1032 
8  682 688 701 708 717 720 761 960 
8  135 685 689 703 709 715 741 1134 
8  687 690 704 716 723 735 755 964 
8  203 691 705 713 725 729 738 862 
8  693 710 724 734 736 753 792 1162 
8  694 711 719 737 746 754 760 1200 
8  130 695 718 739 744 756 778 1036 
8  740 747 752 764 770 781 793 1117 
8  399 742 748 757 762 775 777 1168 
8  749 766 769 779 785 800 899 1136 
8  751 759 765 773 780 784 870 1099 
8  771 783 786 797 801 810 831 1129 
8  772 787 799 802 808 818 838 1022 
8  326 774 789 805 809 820 824 1064 
8  782 807 812 816 828 832 852 1240 
8  813 822 825 833 840 849 875 1183 
8  99 814 817 826 834 841 851 1004 
8  42 821 829 836 844 853 860 864 
8  12 823 830 835 848 859 866 927 
8  50 837 843 854 856 869 879 883 
8  77 845 850 858 868 872 888 946 
8  424 846 861 871 874 881 889 896 
8  153 855 857 865 873 886 892 937 
8  863 867 876 884 890 902 906 1043 
8  877 891 897 909 915 920 992 1101 
8  82 878 893 898 911 916 922 1013 
8  137 894 901 905 924 930 936 979 
8  291 895 903 904 919 929 942 951 
8  179 910 912 921 931 941 944 1010 
8  170 925 928 938 947 953 962 1007 
8  23 786 933 940 954 961 971 1098 
8  146 934 943 945 952 967 969 1058 
8  156 935 948 956 972 976 985 1100 
8  280 413 949 958 966 968 980 1193 
8  118 959 963 973 978 987 995 1003 
8  67 970 982 988 998 1001 1011 1118 
8  30 531 974 994 1005 1009 1017 1046 
8  191 975 986 999 1006 1012 1021 1061 
8  142 981 989 1023 1025 1035 1041 1051 
8  290 990 996 1014 1020 1026 1033 1171 
8  253 1016 1028 1038 1042 1052 1057 1189 
8  230 1030 1037 1045 1049 1062 1067 1190 
8  151 589 1031 1040 1059 1065 1075 1088 
8  220 1039 1047 1054 1056 1066 1076 1173 
8  73 1050 1060 1068 1077 1085 1090 1146 
8  432 1053 1063 1069 1074 1081 1130 1218 
8  235 1070 1072 1083 1091 1102 1105 1239 
8  102 604 1071 1073 1080 1092 1103 1110 
8  315 1079 1086 1089 1096 1106 1113 1160 
8  198 1082 1095 1104 1114 1122 1132 1213 
8  112 1087 1108 1112 1123 1131 1143 1227 
8  32 363 1094 1107 1119 1126 1135 1138 
8  51 489 1109 1115 1124 1142 1145 1155 
8  14 606 1111 1139 1149 1152 1164 1170 
8  274 412 1141 1144 1153 1166 1169 1201 
8  72 255 1147 1156 1165 1172 1178 1184 
8  224 1148 1157 1174 1177 1187 1194 1229 
8  442 826 1150 1158 1175 1176 1186 1199 
8  80 327 1151 1179 1188 1192 1203 1210 
8  13 145 1167 1180 1191 1197 1202 1208 
8  138 1181 1185 1198 1205 1209 1217 1242 
8  113 421 1182 1204 1214 1221 1224 1235 
8  38 601 1206 1211 1219 1225 1238 1241 
8  41 379 756 1207 1212 1223 1231 1247 
8  0 17 44 340 1215 1220 1230 1232 
8  2 18 24 60 356 1222 1236 1243 
8  4 9 19 245 712 1237 1246 1249 
8  1 21 26 35 47 195 446 1248 
8  3 8 20 27 37 48 58 127 
8  5 11 25 34 40 52 108 884 
8  6 10 16 29 46 53 122 289 
8  7 15 22 28 39 45 163 813 
8  31 33 43 54 57 65 227 640 
8  36 55 56 70 76 286 647 1065 
8  49 61 64 74 81 90 283 463 
8  59 66 75 83 89 96 281 481 
8  62 68 85 91 100 109 178 583 
8  63 69 78 84 92 98 128 653 
8  71 86 88 103 104 116 218 751 
8  79 87 115 121 129 139 152 208 
8  93 101 105 114 123 131 229 800 
8  94 106 117 124 136 149 159 722 
8  95 107 119 125 132 147 182 815 
8  110 126 133 144 157 161 231 1008 
8  111 134 143 150 162 168 258 890 
8  140 155 166 169 176 188 232 632 
8  141 148 154 164 171 181 348 904 
8  160 172 177 185 196 202 308 540 
8  165 173 180 186 192 204 277 859 
8  167 174 183 184 193 201 310 736 
8  175 187 197 205 210 263 658 964 
8  189 194 206 211 222 403 543 1217 
8  190 199 209 219 237 242 484 1177 
8  200 213 216 225 233 243 368 830 
8  207 212 221 226 234 244 375 685 
8  214 217 238 240 249 260 505 625 
8  215 223 239 248 257 266 400 926 
8  228 241 250 256 267 272 428 1053 
8  236 246 252 259 268 279 333 877 
8  247 251 261 270 275 285 294 377 
8  254 265 276 282 288 300 563 1010 
8  262 264 273 292 296 307 353 747 
8  269 278 293 298 306 312 523 729 
8  271 284 295 297 304 317 447 819 
8  287 299 311 318 320 328 461 839 
8  301 305 314 322 332 339 358 711 
8  302 309 316 321 338 345 495 1147 
8  313 323 329 342 344 357 497 965 
8  319 331 336 346 354 362 488 781 
8  324 330 341 349 352 361 383 878 
8  325 334 343 347 355 366 476 816 
8  335 359 360 369 382 385 471 741 
8  337 350 364 374 376 389 507 1112 
8  351 365 371 378 386 398 651 963 
8  367 370 381 384 393 401 600 887 
8  372 388 392 410 417 498 946 1173 
8  162 373 380 387 402 415 571 992 
8  390 394 406 408 418 427 576 865 
8  391 395 404 411 419 431 557 812 
8  396 407 409 422 425 452 459 975 
8  397 414 416 426 434 443 553 1181 
8  405 420 430 438 445 448 532 642 
8  423 433 440 449 458 466 603 1146 
8  429 435 441 450 460 607 958 1018 
8  436 444 451 456 467 478 533 1225 
8  437 457 465 475 485 490 573 1035 
8  439 455 462 464 473 486 547 912 
8  454 469 477 492 500 504 556 942 
8  468 472 482 491 499 519 567 1054 
8  470 479 493 502 506 513 627 1070 
8  474 483 496 508 514 521 582 872 
8  480 494 509 512 522 529 656 921 
8  487 501 511 516 526 536 690 1099 
8  503 510 515 524 528 539 594 858 
8  517 520 530 538 550 554 733 1074 
8  129 518 525 535 541 544 645 1072 
8  527 534 542 548 559 561 630 902 
8  537 545 555 568 578 586 704 1021 
8  546 552 565 569 580 590 629 1222 
8  549 558 566 572 588 592 707 1156 
8  551 560 570 577 591 597 634 981 
8  562 574 579 587 595 605 684 1101 
8  564 585 596 613 622 631 635 703 
8  575 581 593 602 608 618 639 1095 
8  584 598 615 626 633 648 660 1026 
8  22 599 609 616 636 641 650 823 
8  610 619 628 638 644 655 777 1107 
8  15 611 617 637 643 657 668 725 
8  612 620 624 646 654 659 720 1168 
8  614 621 649 661 664 676 770 1237 
8  623 652 663 665 672 687 820 1176 
8  662 669 674 680 693 700 706 945 
8  666 673 686 688 697 709 718 909 
8  667 675 681 689 696 708 801 920 
8  670 677 682 691 699 710 928 1206 
8  671 678 683 698 713 723 728 993 
8  679 695 705 716 721 730 737 846 
8  692 702 714 726 731 738 744 757 
8  694 715 727 739 745 752 761 941 
8  701 719 724 732 740 749 763 863 
8  292 717 734 742 746 758 764 980 
8  257 735 743 750 754 765 768 892 
8  99 748 753 766 771 776 787 918 
8  755 760 769 782 789 792 876 1130 
8  759 762 772 778 788 795 807 1009 
8  172 767 773 779 791 796 802 831 
8  51 774 783 790 794 804 808 849 
8  775 780 785 793 806 810 817 927 
8  784 797 805 814 821 838 840 855 
8  798 803 809 818 835 843 862 1023 
8  799 811 824 832 841 853 881 1138 
8  268 822 827 834 844 848 861 1024 
8  342 825 836 842 852 856 866 1025 
8  223 828 837 845 851 860 954 1236 
8  705 829 833 854 868 874 886 893 
8  142 847 864 873 882 888 900 911 
8  339 850 857 867 875 880 891 977 
8  776 869 885 894 896 906 996 1229 
8  206 870 883 895 898 908 917 1040 
8  262 871 879 901 910 913 929 985 
8  585 889 897 905 919 923 934 1111 
8  899 914 925 930 940 944 956 1012 
8  45 369 903 907 916 931 937 947 
8  58 915 935 936 949 959 961 1052 
8  563 922 932 938 948 957 971 1082 
8  101 924 933 939 951 952 966 1096 
8  943 950 953 970 978 989 999 1066 
8  955 960 969 979 988 995 1013 1232 
8  308 962 968 982 987 994 1002 1160 
8  297 967 972 983 990 998 1000 1240 
8  406 973 976 986 997 1005 1011 1113 
8  364 974 984 1001 1014 1016 1030 1139 
8  991 1003 1017 1027 1033 1044 1048 1224 
8  194 1004 1015 1020 1028 1049 1060 1163 
8  102 1006 1019 1029 1032 1043 1051 1189 
8  247 1007 1022 1034 1042 1055 1056 1194 
8  530 1031 1037 1041 1061 1064 1076 1108 
8  367 1036 1046 1057 1073 1083 1088 1193 
8  330 1038 1045 1050 1069 1075 1087 1192 
8  62 1039 1058 1067 1077 1081 1091 1240 
8  608 1047 1062 1068 1079 1080 1094 1221 
8  1059 1071 1078 1084 1089 1100 1114 1123 
8  479 1063 1090 1098 1106 1116 1125 1213 
8  177 1085 1092 1104 1117 1120 1129 1170 
8  88 1086 1093 1097 1109 1119 1131 1136 
8  74 694 1102 1110 1115 1121 1128 1140 
8  266 1103 1105 1118 1124 1137 1144 1167 
8  48 397 1122 1134 1141 1145 1152 1171 
8  120 1126 1132 1148 1153 1161 1172 1179 
8  153 925 1127 1135 1150 1154 1164 1180 
8  591 1133 1143 1157 1165 1169 1183 1234 
8  133 820 1142 1149 1158 1166 1178 1190 
8  114 823 1151 1155 1174 1184 1201 1212 
8  108 750 1159 1175 1182 1187 1196 1209 
8  20 544 1162 1185 1197 1203 1211 1216 
8  180 1186 1198 1200 1214 1220 1226 1243 
8  126 428 1188 1195 1202 1219 1227 1239 
8  188 588 1191 1204 1215 1228 1233 1242 
8  1 13 70 1199 1207 1235 1241 1249 
8  3 14 178 596 1205 1208 1231 1244 
8  23 34 907 1210 1218 1230 1245 1248 
8  2 12 25 148 430 1223 1238 1246 
8  0 11 18 26 39 59 589 1247 
8  4 8 21 31 38 50 201 936 
8  5 9 27 33 47 49 243 427 
8  6 17 28 32 41 56 199 562 
8  7 10 36 44 54 61 244 948 
8  16 30 43 55 71 78 388 824 
8  19 24 35 57 64 75 82 295 
8  29 37 52 63 67 76 80 168 
8  40 53 60 69 77 81 93 238 
8  42 65 72 83 94 100 107 315 
8  46 66 79 84 90 103 380 850 
8  68 73 86 95 96 111 269 702 
8  85 89 98 106 115 127 130 215 
8  87 91 104 118 122 135 143 391 
8  92 97 109 112 123 132 138 441 
8  105 113 125 128 137 145 155 276 
8  110 117 134 151 152 160 378 690 
8  116 124 131 147 154 166 173 402 
8  119 121 136 146 156 161 175 436 
8  139 157 163 170 181 184 285 691 
8  140 144 164 179 193 200 393 968 
8  141 149 158 169 183 185 197 290 
8  150 159 165 174 182 189 202 365 
8  167 171 176 190 195 203 213 452 
8  186 198 207 209 216 228 239 396 
8  187 192 212 220 229 236 245 301 
8  191 196 204 210 219 224 234 333 
8  205 208 218 227 237 246 255 354 
8  211 217 226 242 248 258 464 692 
8  214 222 225 251 259 264 567 1043 
8  221 230 240 252 261 265 277 546 
8  231 232 250 260 271 273 289 571 
8  233 249 256 270 274 283 291 446 
8  235 241 254 263 275 286 293 460 
8  253 267 278 287 288 303 319 506 
8  272 281 294 300 306 314 325 417 
8  279 280 302 310 323 328 346 633 
8  282 298 304 313 326 332 516 853 
8  284 296 309 318 322 337 385 855 
8  299 305 312 331 341 345 353 445 
8  307 316 324 334 350 357 363 634 
8  311 317 321 343 348 352 373 543 
8  320 329 340 351 359 372 465 905 
8  327 347 358 360 377 387 398 558 
8  335 338 361 368 384 399 403 650 
8  336 349 355 370 389 394 410 557 
8  344 356 362 374 381 390 475 954 
8  366 371 382 392 404 412 418 559 
8  375 379 395 400 409 420 488 1224 
8  376 401 408 419 429 437 636 1060 
8  383 407 413 416 438 440 527 1127 
8  386 405 414 421 424 433 451 565 
8  411 423 432 444 450 461 473 560 
8  415 422 431 442 455 457 467 590 
8  425 434 447 448 463 469 564 1229 
8  426 439 453 456 471 476 641 1165 
8  435 443 449 459 468 480 490 699 
8  454 458 474 485 493 498 517 655 
8  462 478 481 492 497 507 606 1044 
8  466 472 484 489 501 505 629 1084 
8  1 470 482 495 500 509 518 749 
8  477 483 491 502 510 523 532 725 
8  486 499 504 513 524 531 538 774 
8  487 496 519 525 529 537 712 1040 
8  494 503 514 520 534 547 552 726 
8  508 512 533 541 545 553 566 762 
8  0 511 515 522 540 548 555 575 
8  521 535 536 550 568 579 818 1223 
8  526 528 554 561 570 578 587 662 
8  539 551 572 576 593 601 817 1208 
8  542 556 573 581 584 595 707 1139 
8  549 569 582 594 600 609 786 1088 
8  574 577 598 604 613 617 647 1132 
8  580 586 597 605 612 618 630 758 
8  583 599 603 610 620 626 917 1183 
8  207 592 602 614 624 638 645 799 
8  233 607 611 619 625 632 646 840 
8  615 616 627 639 642 649 665 830 
8  621 635 640 652 658 671 700 982 
8  622 644 653 657 666 674 682 846 
8  356 623 628 643 651 664 673 857 
8  21 631 637 656 667 677 683 756 
8  264 648 661 668 672 685 693 829 
8  253 654 660 675 680 695 698 837 
8  659 670 679 684 688 703 714 794 
8  663 669 676 686 711 715 720 935 
8  678 687 689 697 719 729 736 874 
8  23 681 701 706 718 721 731 892 
8  696 709 713 727 730 740 746 887 
8  704 717 722 728 739 747 932 1157 
8  385 708 716 724 733 738 748 1022 
8  710 723 732 741 744 759 767 899 
8  186 734 737 751 752 766 775 1071 
8  735 742 760 771 778 784 793 1055 
8  743 757 761 769 781 788 796 991 
8  745 753 763 772 777 789 797 950 
8  754 770 779 787 795 801 809 952 
8  755 764 768 780 790 802 811 839 
8  64 765 782 785 798 805 808 969 
8  773 783 792 803 813 828 836 1181 
8  791 800 812 821 833 842 858 1015 
8  804 810 822 826 832 843 866 1002 
8  806 814 816 831 844 849 856 1191 
8  807 815 819 825 845 854 861 924 
8  827 835 841 863 869 873 880 1006 
8  239 834 852 860 867 877 881 972 
8  94 838 848 862 865 878 882 1161 
8  847 851 859 868 875 883 901 1067 
8  226 864 876 885 903 908 912 1100 
8  870 884 888 897 910 914 933 1154 
8  871 872 890 900 904 915 930 1113 
8  188 879 886 891 911 918 927 1151 
8  889 898 906 913 926 937 944 1120 
8  103 893 896 919 921 940 947 1094 
8  151 894 902 916 920 934 939 1142 
8  895 909 923 928 941 946 957 1150 
8  389 922 929 943 956 960 973 1125 
8  66 931 942 945 962 970 977 986 
8  938 949 964 974 978 985 997 1166 
8  276 951 953 965 975 979 992 1124 
8  955 961 976 987 996 1000 1017 1145 
8  958 967 971 993 1003 1008 1019 1041 
8  473 959 966 988 999 1005 1010 1163 
8  963 980 990 994 1001 1012 1024 1110 
8  981 984 995 1004 1011 1021 1032 1101 
8  71 983 989 1009 1016 1027 1036 1053 
8  214 998 1013 1023 1028 1047 1048 1149 
8  35 609 1007 1014 1018 1025 1037 1052 
8  1020 1029 1035 1046 1054 1062 1065 1239 
8  1026 1038 1051 1056 1070 1077 1092 1153 
8  74 1030 1033 1042 1058 1064 1078 1082 
8  1031 1034 1045 1057 1066 1079 1081 1172 
8  92 1039 1049 1061 1068 1072 1087 1093 
8  37 1050 1073 1086 1091 1098 1107 1117 
8  1059 1074 1083 1090 1097 1104 1115 1195 
8  40 536 1063 1075 1080 1095 1102 1108 
8  30 1069 1076 1085 1096 1105 1114 1126 
8  45 1089 1099 1116 1122 1128 1143 1147 
8  1103 1109 1112 1129 1138 1146 1169 1216 
8  2 531 1106 1118 1130 1140 1148 1152 
8  65 455 1111 1121 1131 1144 1158 1162 
8  1119 1123 1133 1137 1159 1160 1174 1199 
8  121 1134 1136 1155 1164 1168 1179 1185 
8  87 1135 1141 1156 1167 1173 1182 1193 
8  211 1170 1176 1188 1196 1204 1222 1230 
8  82 760 1171 1177 1184 1197 1205 1213 
8  26 530 1175 1180 1190 1194 1200 1210 
8  141 1178 1186 1206 1212 1218 1227 1242 
8  160 481 1187 1192 1207 1211 1217 1233 
8  6 183 1189 1198 1201 1215 1231 1234 
8  3 158 1202 1209 1220 1225 1235 1247 
8  5 15 59 874 1203 1219 1228 1237 
8  11 17 27 187 824 1214 1236 1241 
8  7 18 29 228 1221 1226 1244 1248 
8  8 22 34 42 117 658 1232 1246 
8  9 28 44 55 57 157 1238 1243 
8  10 19 31 32 52 58 271 1245 
8  14 20 25 39 47 162 528 1249 
8  4 13 24 46 54 56 67 317 
8  12 16 33 48 60 70 79 351 
8  36 43 50 62 72 90 97 411 
8  38 41 53 68 78 83 99 336 
8  49 63 73 85 93 102 107 392 
8  51 61 77 80 89 100 116 391 
8  69 75 88 106 112 122 129 452 
8  76 84 96 104 114 125 134 354 
8  81 95 98 108 118 120 131 344 
8  86 101 113 124 132 144 163 334 
8  91 105 115 126 136 150 153 306 
8  109 119 127 128 140 167 172 289 
8  110 123 137 146 154 165 168 429 
8  111 130 139 145 156 164 288 1114 
8  133 142 147 152 169 179 184 379 
8  135 138 149 166 171 180 189 408 
8  143 148 155 161 185 200 210 614 
8  159 170 176 191 193 205 209 480 
8  173 178 190 194 208 220 463 986 
8  174 177 192 203 215 221 241 324 
8  175 181 195 204 212 223 230 409 
8  182 196 206 216 229 237 460 725 
8  197 201 213 219 235 245 248 559 
8  198 202 218 231 236 240 251 490 
8  199 222 227 234 243 254 258 603 
8  217 244 255 256 269 273 282 539 
8  224 238 242 250 262 266 277 496 
8  225 232 246 257 265 274 281 420 
8  247 249 263 268 272 284 290 506 
8  252 267 283 293 301 309 560 1090 
8  259 270 278 286 292 300 594 990 
8  260 279 285 295 296 311 319 670 
8  261 280 291 299 307 322 335 444 
8  275 287 297 308 312 323 330 608 
8  294 302 320 331 339 350 441 1220 
8  298 305 316 325 329 360 370 627 
8  303 304 327 328 337 348 355 623 
8  310 313 338 347 359 364 373 622 
8  314 326 333 343 353 363 375 468 
8  315 340 345 352 365 374 412 1003 
8  318 321 332 341 357 367 368 564 
8  342 358 371 390 393 400 413 700 
8  346 361 377 386 395 402 422 568 
8  349 362 369 380 398 401 417 454 
8  366 376 384 396 410 421 427 698 
8  372 378 394 403 414 419 563 1049 
8  381 387 399 406 423 424 435 612 
8  382 388 397 425 432 442 456 516 
8  383 404 415 430 436 450 458 701 
8  405 416 431 449 461 470 472 959 
8  407 418 433 443 457 471 660 1239 
8  15 426 438 451 462 466 474 717 
8  428 434 453 459 465 478 486 549 
8  437 440 467 476 483 489 790 1151 
8  101 439 445 469 484 488 498 900 
8  446 448 475 487 491 497 513 651 
8  447 464 477 482 501 517 527 763 
8  479 485 494 500 510 519 792 1202 
8  492 499 509 515 525 543 545 653 
8  493 503 504 518 521 532 551 775 
8  495 502 507 520 529 540 557 848 
8  505 514 526 535 538 546 555 674 
8  508 522 534 537 556 572 577 799 
8  511 523 533 542 544 562 578 740 
8  512 524 547 561 573 576 585 780 
8  541 548 554 567 574 583 588 871 
8  550 552 566 570 582 596 804 1171 
8  553 565 571 581 587 598 606 734 
8  558 569 586 593 604 610 621 953 
8  575 589 595 607 615 624 778 1235 
8  579 590 592 601 616 626 637 771 
8  580 584 599 617 625 638 652 949 
8  591 600 613 620 628 633 649 755 
8  597 602 629 632 641 655 659 815 
8  605 611 631 639 640 663 666 971 
8  618 634 643 650 661 669 679 961 
8  619 630 635 648 657 675 683 834 
8  636 642 662 668 673 681 690 983 
8  644 656 664 678 685 694 699 879 
8  645 665 677 680 689 702 705 934 
8  646 667 684 692 704 719 727 1000 
8  647 654 671 672 686 707 721 851 
8  676 682 695 696 723 729 750 903 
8  687 688 706 713 726 733 739 890 
8  691 697 708 712 728 737 749 975 
8  693 703 711 722 731 742 751 921 
8  331 709 714 720 732 745 756 978 
8  710 715 730 743 764 772 776 1228 
8  716 741 746 752 762 773 782 1098 
8  718 724 735 757 767 770 785 803 
8  736 747 758 761 777 784 798 810 
8  738 753 765 769 783 791 809 958 
8  744 754 774 781 786 800 818 974 
8  748 768 779 788 794 814 822 1058 
8  759 789 793 802 813 816 829 1093 
8  766 795 805 817 828 842 849 1165 
8  787 796 806 812 823 827 837 1032 
8  797 807 808 826 836 846 863 1110 
8  801 811 819 833 844 855 866 1054 
8  820 825 838 841 868 889 899 1132 
8  273 821 830 832 847 862 869 1030 
8  831 835 840 850 876 882 894 926 
8  839 845 853 856 870 875 902 1062 
8  843 852 858 864 878 887 896 1069 
8  854 857 872 884 895 905 913 1036 
8  859 865 877 880 893 906 914 1133 
8  860 873 885 891 898 923 929 1081 
8  861 867 883 892 909 916 927 1154 
8  673 881 901 907 912 925 932 1083 
8  38 886 888 908 915 924 931 940 
8  897 904 917 922 935 939 944 1245 
8  403 910 918 920 930 938 945 1139 
8  911 928 937 948 952 964 973 1085 
8  258 919 933 941 950 955 968 1192 
8  341 936 946 965 969 981 985 1160 
8  942 954 963 972 979 991 993 1193 
8  943 947 957 966 976 998 1004 1188 
8  83 951 956 967 970 980 987 997 
8  960 977 994 1007 1008 1021 1026 1189 
8  28 962 984 999 1009 1020 1034 1043 
8  112 982 989 992 1005 1013 1019 1037 
8  244 988 1002 1014 1023 1024 1038 1053 
8  29 995 1006 1010 1017 1025 1040 1055 
8  22 996 1001 1015 1027 1042 1051 1061 
8  51 1011 1016 1029 1041 1060 1067 1073 
8  1012 1022 1028 1044 1059 1068 1076 1199 
8  185 1018 1031 1033 1046 1056 1071 1074 
8  77 1035 1045 1048 1063 1070 1082 1096 
8  125 1039 1050 1057 1064 1092 1099 1118 
8  152 1047 1052 1075 1086 1100 1104 1121 
8  184 1065 1077 1084 1094 1102 1111 1113 
8  79 1066 1072 1095 1097 1112 1125 1134 
8  176 1078 1080 1091 1101 1109 1120 1140 
8  192 1079 1087 1088 1103 1107 1122 1157 
8  68 1089 1108 1124 1130 1150 1156 1161 
8  308 760 1105 1115 1123 1135 1147 1163 
8  173 1106 1117 1126 1143 1144 1159 1164 
8  219 1116 1127 1129 1145 1153 1173 1176 
8  182 1119 1128 1141 1148 1155 1170 1190 
8  217 1131 1137 1146 1166 1172 1180 1185 
8  228 1136 1158 1167 1181 1184 1194 1207 
8  86 1138 1149 1168 1177 1186 1195 1209 
8  174 1142 1152 1174 1179 1198 1204 1213 
8  155 1162 1175 1191 1205 1212 1219 1240 
8  117 1169 1178 1196 1203 1208 1221 1225 
8  213 1182 1197 1200 1215 1218 1236 1247 
8  307 1183 1187 1201 1214 1216 1230 1237 
8  1 8 36 264 1206 1210 1222 1244 
8  4 14 23 139 1211 1223 1227 1243 
8  3 13 17 447 1217 1224 1238 1248 
8  0 10 21 27 95 1226 1233 1246 
8  5 18 30 48 159 1229 1232 1241 
8  2 16 26 37 42 304 1231 1242 
8  7 12 31 55 63 270 1234 1249 
8  6 9 24 34 45 59 65 230 
8  11 19 41 49 69 72 91 389 
8  20 32 50 60 74 80 98 235 
8  25 33 44 53 58 67 84 291 
8  35 43 52 61 70 87 88 405 
8  39 40 57 71 73 90 106 366 
8  46 75 85 108 116 133 141 435 
8  47 56 66 82 93 104 115 592 
8  54 76 92 100 118 127 142 415 
8  62 64 94 99 110 113 122 519 
8  78 96 107 120 130 143 146 550 
8  81 97 114 121 128 147 158 365 
8  89 102 109 124 135 137 156 320 
8  103 105 119 134 157 166 178 241 
8  111 123 129 148 167 170 179 355 
8  126 132 140 162 175 177 190 596 
8  131 136 145 165 181 187 199 650 
8  138 144 153 168 183 194 202 720 
8  149 154 163 195 201 210 216 676 
8  150 161 171 191 198 206 220 585 
8  151 164 169 186 203 211 223 455 
8  160 180 188 197 214 226 237 342 
8  172 189 193 207 208 224 245 336 
8  196 200 209 232 249 261 278 545 
8  204 215 218 229 243 250 263 695 
8  205 221 233 247 248 267 292 680 
8  212 227 238 256 268 285 497 1016 
8  222 236 242 253 269 272 286 524 
8  225 239 240 254 262 271 283 474 
8  231 234 246 275 282 290 299 544 
8  251 257 276 295 302 306 315 429 
8  252 266 274 284 288 298 314 739 
8  255 259 277 280 293 305 318 489 
8  260 265 294 297 309 326 328 708 
8  279 287 289 300 316 322 343 640 
8  281 296 317 324 329 339 513 1184 
8  301 310 321 335 337 351 362 518 
8  303 311 312 332 340 347 363 757 
8  313 325 330 346 358 367 374 748 
8  319 323 334 349 359 368 388 648 
8  327 333 350 352 371 380 385 396 
8  338 348 354 376 390 407 412 630 
8  344 353 364 383 393 411 424 665 
8  345 356 360 373 379 399 404 576 
8  357 361 372 381 397 409 421 933 
8  369 386 392 406 419 426 458 711 
8  370 378 387 408 420 428 439 678 
8  375 377 391 401 413 430 432 658 
8  382 394 402 417 434 445 451 615 
8  384 395 433 444 452 460 829 1108 
8  398 400 414 418 431 437 448 743 
8  410 416 436 442 454 463 464 750 
8  422 440 450 462 468 485 501 608 
8  423 425 438 443 467 475 484 798 
8  427 446 449 469 473 499 507 744 
8  441 453 457 466 482 488 502 682 
8  456 470 486 492 498 510 526 784 
8  459 471 479 487 504 514 523 557 
8  461 465 477 480 493 505 520 864 
8  472 495 503 512 525 531 542 984 
8  476 481 490 506 516 532 729 1064 
8  478 494 496 511 527 530 553 797 
8  483 500 515 529 536 547 559 702 
8  491 508 535 539 554 564 573 793 
8  509 517 533 537 546 560 574 754 
8  521 534 538 549 563 580 589 633 
8  522 543 551 565 578 599 724 1218 
8  528 540 556 566 590 604 620 964 
8  541 552 572 579 586 594 603 895 
8  548 558 562 568 581 601 613 838 
8  555 561 569 583 595 612 622 952 
8  567 571 584 602 611 623 635 1124 
8  570 588 598 607 609 618 629 956 
8  575 577 600 614 625 642 651 955 
8  582 587 597 610 627 636 645 1082 
8  360 591 593 616 631 646 655 1067 
8  605 617 628 653 661 671 675 1083 
8  606 619 624 639 660 677 684 1194 
8  621 626 634 641 656 668 687 1028 
8  632 643 649 662 670 672 683 796 
8  257 637 644 669 681 688 698 1019 
8  638 647 663 674 690 696 705 1034 
8  652 657 667 679 694 707 712 1063 
8  654 664 692 700 709 716 742 1054 
8  659 666 685 691 717 723 730 878 
8  686 689 699 726 732 737 755 880 
8  693 697 704 714 721 733 740 1100 
8  701 710 722 745 765 770 778 1046 
8  703 706 719 728 738 758 766 995 
8  713 731 736 749 756 767 772 1017 
8  715 725 746 753 768 781 795 977 
8  718 727 734 741 747 771 779 1224 
8  735 751 761 774 776 801 812 1167 
8  752 763 785 792 804 814 818 1180 
8  759 775 783 799 800 815 823 1166 
8  762 780 789 794 819 828 835 1148 
8  764 769 777 803 808 817 825 1160 
8  773 786 805 816 830 833 845 1235 
8  782 787 810 824 836 840 851 989 
8  788 802 820 826 837 848 857 1226 
8  282 790 807 809 822 831 841 855 
8  791 806 811 834 854 862 870 1186 
8  171 813 827 832 842 850 871 877 
8  168 821 839 846 852 868 879 885 
8  843 849 859 872 882 899 908 1208 
8  844 858 865 874 883 894 903 1109 
8  47 847 853 861 866 876 886 898 
8  205 856 867 873 887 889 901 915 
8  860 869 875 884 893 900 926 1127 
8  0 863 888 905 916 925 935 954 
8  881 890 897 911 913 924 942 1131 
8  891 902 904 914 931 946 958 1211 
8  892 896 907 917 923 938 950 1065 
8  906 912 922 930 947 959 968 1243 
8  909 919 936 944 953 967 973 1189 
8  120 910 927 928 939 949 960 972 
8  108 918 932 937 962 969 978 991 
8  920 941 948 961 975 980 998 1123 
8  203 921 929 957 965 970 990 1006 
8  254 934 940 974 983 988 1003 1029 
8  943 951 963 971 985 1000 1010 1236 
8  183 945 966 979 987 1008 1020 1025 
8  202 976 993 1002 1013 1021 1030 1039 
8  277 981 986 992 1001 1022 1033 1043 
8  336 982 996 1004 1023 1040 1052 1062 
8  265 994 1011 1018 1027 1038 1047 1055 
8  164 997 1007 1009 1035 1044 1050 1071 
8  303 999 1014 1032 1049 1057 1070 1078 
8  151 1005 1015 1024 1036 1069 1079 1210 
8  27 1012 1026 1041 1048 1058 1066 1086 
8  89 1031 1051 1073 1087 1095 1096 1111 
8  137 1037 1042 1053 1077 1088 1099 1105 
8  393 1045 1056 1084 1090 1101 1110 1119 
8  231 1059 1072 1085 1094 1103 1116 1139 
8  141 1060 1075 1089 1107 1118 1125 1133 
8  197 1061 1080 1098 1113 1122 1130 1144 
8  430 1068 1081 1092 1106 1112 1142 1150 
8  275 1074 1091 1114 1128 1138 1145 1154 
8  189 1076 1093 1102 1129 1143 1151 1156 
8  128 1097 1117 1121 1141 1149 1163 1172 
8  64 1104 1134 1137 1147 1153 1177 1188 
8  15 1115 1120 1146 1159 1161 1173 1190 
8  237 1126 1136 1162 1170 1178 1198 1223 
8  158 1132 1152 1165 1168 1181 1193 1206 
8  315 1135 1140 1158 1169 1185 1202 1212 
8  352 1155 1171 1183 1192 1204 1219 1229 
8  81 1157 1164 1176 1191 1195 1207 1213 
8  280 1174 1196 1205 1214 1227 1238 1249 
8  2 513 1175 1179 1197 1217 1225 1237 
8  244 1182 1199 1201 1220 1228 1239 1240 
8  4 20 28 198 1187 1200 1221 1241 
8  7 21 37 372 1203 1215 1222 1245 
8  12 32 51 287 1209 1216 1231 1232 
8  9 22 25 35 388 1230 1233 1244 
8  1 14 17 30 38 561 1234 1242 
8  5 31 36 60 68 366 1246 1248 
8  6 8 33 52 62 69 429 1247 
8  3 16 34 41 54 63 75 692 
8  10 18 40 50 56 78 85 618 
8  11 23 24 42 48 71 74 659 
8  13 19 43 59 76 94 101 300 
8  26 46 55 65 77 95 97 573 
8  29 45 57 79 86 92 105 491 
8  39 44 70 72 93 103 110 436 
8  49 58 66 80 99 111 117 485 
8  53 73 87 100 114 126 130 602 
8  61 67 82 91 96 106 119 502 
8  83 88 109 115 134 144 169 526 
8  84 102 113 123 140 147 157 676 
8  90 107 116 122 136 163 180 604 
8  98 121 132 143 145 167 173 500 
8  104 124 133 162 170 182 188 670 
8  112 125 139 146 159 160 187 495 
8  118 129 138 150 156 184 196 279 
8  127 131 149 153 186 193 213 439 
8  135 152 165 172 178 191 216 926 
8  142 148 166 175 199 208 221 403 
8  154 174 179 190 204 217 236 517 
8  155 181 194 207 214 218 233 663 
8  161 176 201 212 222 240 255 515 
8  177 195 209 220 224 243 251 655 
8  185 206 219 226 232 259 267 449 
8  192 223 242 249 264 281 289 441 
8  200 211 228 246 260 269 276 722 
8  210 225 238 245 252 258 291 512 
8  215 227 247 253 271 293 299 566 
8  229 234 248 261 283 295 310 537 
8  230 239 250 268 274 286 302 710 
8  235 256 278 290 297 314 324 827 
8  241 262 270 288 301 317 326 553 
8  263 266 285 304 321 331 342 408 
8  272 292 309 319 327 341 351 685 
8  273 284 294 305 323 338 362 762 
8  296 306 316 328 349 358 365 902 
8  298 307 318 330 343 344 354 911 
8  308 313 322 333 348 356 368 568 
8  311 325 335 357 364 378 391 887 
8  312 334 337 361 370 380 390 666 
8  320 332 345 371 383 389 402 591 
8  329 347 367 369 376 395 405 704 
8  339 346 355 373 382 398 406 552 
8  340 353 377 396 400 423 434 841 
8  350 359 375 386 397 404 427 696 
8  363 374 384 407 420 426 447 786 
8  379 385 394 411 428 435 448 832 
8  381 392 415 437 451 460 464 944 
8  387 401 409 416 446 462 465 819 
8  399 410 418 432 440 453 469 843 
8  412 421 425 444 457 472 487 777 
8  413 419 424 442 452 461 471 1042 
8  414 417 438 463 468 473 489 755 
8  422 433 470 475 481 503 505 789 
8  431 443 450 466 476 486 493 893 
8  445 454 456 482 497 506 521 1115 
8  455 458 477 484 499 508 518 974 
8  459 492 501 519 520 541 558 852 
8  467 474 494 516 523 535 540 972 
8  478 480 498 531 536 545 554 858 
8  38 479 488 496 509 524 534 564 
8  483 490 504 525 539 546 567 963 
8  507 514 528 543 548 571 579 609 
8  81 510 527 538 544 556 575 583 
8  511 529 549 565 577 584 601 1079 
8  522 532 547 557 560 581 588 995 
8  79 530 555 563 570 590 600 608 
8  533 550 559 576 598 612 627 822 
8  4 542 551 574 580 603 616 643 
8  562 572 582 589 614 626 635 1076 
8  569 578 585 592 605 615 620 869 
8  586 595 606 611 628 636 648 933 
8  587 596 607 630 633 641 652 1131 
8  593 613 624 634 642 658 667 1043 
8  594 610 622 625 647 656 688 1051 
8  597 617 631 649 660 674 691 908 
8  599 623 629 637 653 662 684 976 
8  619 640 650 665 678 686 693 960 
8  621 639 644 673 680 703 708 1112 
8  632 645 651 657 669 690 701 817 
8  24 638 661 682 689 700 711 712 
8  646 671 687 695 709 724 743 1199 
8  654 668 677 694 697 713 732 1092 
8  664 679 681 702 717 725 733 970 
8  672 698 706 720 734 740 750 1059 
8  88 675 699 705 714 723 736 748 
8  683 707 715 729 742 749 774 956 
8  716 726 745 759 760 781 790 1140 
8  84 718 730 752 765 787 800 825 
8  2 719 721 741 751 756 764 785 
8  11 727 728 753 767 775 778 801 
8  731 737 747 768 782 791 799 1116 
8  174 735 738 746 763 788 798 815 
8  739 754 766 772 780 796 804 859 
8  744 758 769 793 805 823 846 1109 
8  757 771 792 802 812 830 840 1062 
8  199 761 773 794 818 824 834 842 
8  80 770 776 797 806 813 839 848 
8  94 779 784 803 811 826 845 864 
8  783 795 820 829 851 856 871 1139 
8  807 810 821 837 849 867 874 1230 
8  134 808 831 833 847 860 872 897 
8  809 816 836 854 865 876 888 1187 
8  814 835 868 878 890 903 909 1134 
8  87 828 838 844 870 877 896 913 
8  850 861 873 884 899 918 931 1029 
8  853 857 879 882 912 924 934 1218 
8  855 875 894 904 932 940 945 1040 
8  236 862 866 881 891 900 906 928 
8  118 863 883 889 907 914 936 948 
8  880 895 901 920 935 937 953 1028 
8  198 885 892 905 915 939 946 964 
8  886 910 916 942 950 958 961 969 
8  898 925 943 949 965 988 1008 1231 
8  270 917 921 930 951 954 973 977 
8  209 919 922 962 975 985 1003 1014 
8  923 947 955 971 980 991 992 1216 
8  525 927 929 938 952 979 986 994 
8  340 941 959 981 990 993 1015 1018 
8  138 957 967 968 989 1001 1010 1020 
8  278 966 978 984 1000 1013 1022 1031 
8  378 982 997 1006 1024 1039 1041 1063 
8  180 983 996 1002 1011 1025 1034 1046 
8  175 987 998 1007 1019 1036 1064 1074 
8  322 999 1004 1016 1035 1047 1069 1077 
8  1005 1021 1027 1049 1058 1071 1085 1237 
8  319 1009 1023 1032 1054 1068 1084 1088 
8  338 1012 1017 1030 1038 1072 1090 1100 
8  257 1026 1037 1044 1057 1065 1080 1106 
8  1033 1045 1052 1060 1083 1095 1098 1243 
8  179 1048 1056 1067 1075 1093 1099 1114 
8  320 1050 1061 1066 1078 1094 1096 1124 
8  1053 1070 1086 1103 1108 1120 1135 1145 
8  474 1055 1081 1089 1102 1104 1119 1127 
8  232 1073 1082 1101 1105 1125 1129 1136 
8  306 1087 1091 1097 1110 1118 1126 1146 
8  166 1107 1113 1123 1128 1142 1151 1153 
8  297 1111 1117 1130 1138 1160 1171 1179 
8  345 1121 1133 1148 1154 1167 1168 1189 
8  256 1122 1137 1149 1156 1175 1181 1203 
8  351 1132 1141 1150 1159 1177 1191 1192 
8  299 1143 1152 1161 1176 1185 1214 1228 
8  109 1144 1155 1163 1178 1193 1205 1226 
8  417 1147 1157 1162 1180 1215 1224 1239 
8  496 1158 1165 1170 1195 1200 1229 1233 
8  349 1164 1169 1182 1184 1210 1223 1242 
8  47 1166 1173 1183 1196 1207 1220 1236 
8  170 1172 1186 1194 1204 1217 1234 1240 
8  9 23 292 1174 1190 1202 1222 1232 
8  0 374 1188 1197 1201 1209 1221 1245 
8  10 20 35 41 424 1198 1206 1235 
8  1 12 18 28 34 318 1208 1219 
8  5 16 50 67 77 283 1211 1244 
8  14 27 43 64 106 1212 1225 1248 
8  13 29 40 55 408 1213 1227 1246 
8  6 15 21 51 63 68 364 1238 
8  7 32 42 49 75 86 598 1241 
8  17 36 46 71 93 483 1247 1249 
8  3 19 44 60 65 78 102 701 
8  8 26 53 70 85 92 96 705 
8  22 30 33 56 73 91 98 301 
8  25 37 45 62 74 95 103 657 
8  31 59 69 82 90 108 113 684 
8  39 48 61 66 97 107 129 137 
8  52 57 72 89 99 114 136 710 
8  54 83 101 111 122 128 149 780 
8  58 76 105 112 133 143 151 759 
8  100 104 121 140 163 168 185 512 
8  110 115 120 132 148 159 178 895 
8  116 125 142 144 162 186 195 1030 
8  117 123 130 150 155 173 197 773 
8  119 126 135 164 176 194 210 555 
8  124 139 158 161 190 192 205 214 
8  127 141 145 152 177 188 200 1028 
8  131 146 157 169 189 196 218 866 
8  147 153 160 171 201 211 224 533 
8  154 167 182 207 215 219 231 766 
8  156 183 187 203 216 226 235 247 
8  165 184 206 212 228 233 251 811 
8  172 217 229 239 259 276 284 497 
8  181 191 213 222 237 244 249 781 
8  193 204 220 225 242 260 267 1013 
8  202 208 223 238 241 253 274 1069 
8  221 227 245 262 272 282 302 769 
8  230 246 263 287 294 307 313 788 
8  234 255 264 279 304 314 329 637 
8  240 258 269 275 280 289 321 838 
8  243 252 281 290 303 305 335 910 
8  248 268 277 296 323 331 343 806 
8  250 285 293 300 308 317 328 884 
8  254 261 266 311 315 326 354 796 
8  265 286 291 298 324 336 347 843 
8  271 309 312 333 342 359 376 803 
8  273 288 325 341 350 365 377 904 
8  295 316 332 344 355 375 388 978 
8  310 327 330 339 357 369 389 771 
8  334 348 362 383 385 406 414 918 
8  337 346 353 360 384 397 413 782 
8  352 363 381 398 402 419 430 790 
8  356 361 371 407 410 423 428 807 
8  358 368 394 405 409 429 436 871 
8  366 373 391 416 437 444 453 867 
8  367 372 386 411 418 438 449 1137 
8  370 382 395 415 421 426 454 950 
8  379 387 393 412 422 432 441 463 
8  380 392 403 425 435 446 471 1064 
8  390 396 401 433 445 450 464 1029 
8  399 400 427 439 447 460 467 985 
8  404 434 442 462 475 488 511 795 
8  420 431 452 456 469 485 502 897 
8  440 455 459 470 516 521 529 544 
8  443 458 478 487 489 520 539 994 
8  448 457 468 476 494 517 526 1046 
8  451 465 472 492 513 522 535 1086 
8  461 479 481 501 528 537 550 1120 
8  466 477 490 503 509 519 530 1152 
8  473 480 495 504 515 527 562 1050 
8  482 498 507 523 534 546 558 962 
8  484 491 500 514 540 551 561 856 
8  486 506 518 536 557 563 569 1201 
8  493 508 524 543 549 552 575 941 
8  499 510 542 547 564 570 589 923 
8  505 532 541 556 571 591 601 1122 
8  531 548 553 560 573 582 599 787 
8  538 559 566 574 578 600 618 1196 
8  545 565 576 594 604 608 623 1138 
8  554 572 580 595 619 631 653 1134 
8  567 568 585 606 616 629 638 1168 
8  577 586 592 607 622 654 661 1058 
8  579 597 613 621 643 663 681 1191 
8  581 590 596 605 625 648 662 1166 
8  583 584 609 624 644 665 675 1060 
8  587 602 615 617 640 664 687 1230 
8  588 593 603 614 627 647 652 666 
8  610 630 632 642 660 671 682 1232 
8  611 626 645 650 673 683 691 696 
8  612 628 634 672 689 714 725 854 
8  620 635 655 668 688 699 711 1158 
8  633 646 656 669 697 707 717 972 
8  636 651 658 678 680 709 722 737 
8  639 641 676 685 700 719 731 739 
8  649 667 686 690 698 742 752 881 
8  659 674 692 712 724 729 741 1182 
8  670 693 702 708 713 743 755 1243 
8  677 695 703 704 720 746 765 1009 
8  679 706 723 749 753 760 786 1167 
8  93 694 718 733 736 750 762 783 
8  715 726 734 756 763 791 793 1187 
8  27 716 727 744 764 784 794 812 
8  721 728 745 757 774 779 798 925 
8  730 747 767 789 804 815 833 851 
8  732 738 751 768 805 810 835 1111 
8  462 735 740 748 758 772 820 839 
8  754 775 776 819 827 846 853 1004 
8  225 761 778 785 797 816 825 857 
8  160 770 799 814 828 850 862 886 
8  1 777 792 801 821 826 861 870 
8  800 809 830 834 849 863 864 1092 
8  147 802 817 824 844 868 873 902 
8  38 808 822 829 837 877 882 890 
8  813 818 831 852 869 888 898 927 
8  823 832 845 865 879 899 909 1031 
8  836 847 848 858 889 908 916 1153 
8  25 840 859 874 887 905 917 920 
8  232 841 872 883 906 919 924 943 
8  842 855 860 876 896 911 930 1076 
8  71 875 892 903 914 928 959 969 
8  878 880 907 921 933 942 946 1247 
8  885 893 901 934 955 973 982 1140 
8  275 891 912 926 935 945 964 971 
8  271 894 913 922 931 949 952 981 
8  309 900 929 936 947 954 975 984 
8  458 915 938 944 958 965 983 991 
8  8 932 951 960 974 998 1002 1015 
8  217 937 956 961 968 988 993 1007 
8  939 953 976 1003 1012 1020 1037 1040 
8  126 940 957 977 992 1011 1017 1024 
8  171 948 967 979 999 1018 1026 1039 
8  89 963 970 996 1005 1008 1022 1035 
8  514 966 989 997 1014 1042 1048 1059 
8  325 980 986 995 1019 1038 1062 1066 
8  288 987 1001 1021 1034 1047 1063 1072 
8  418 990 1025 1032 1045 1053 1080 1093 
8  123 1000 1023 1033 1049 1065 1079 1091 
8  130 1006 1016 1044 1056 1078 1087 1102 
8  556 1010 1036 1051 1067 1084 1098 1108 
8  362 1027 1043 1052 1068 1089 1109 1117 
8  219 1041 1054 1070 1081 1090 1113 1121 
8  488 1055 1057 1075 1085 1097 1124 1128 
8  417 1061 1071 1077 1082 1107 1116 1131 
8  459 1073 1094 1099 1104 1123 1130 1145 
8  374 1074 1088 1100 1106 1119 1129 1139 
8  260 1083 1101 1126 1133 1147 1173 1181 
8  435 1095 1103 1127 1143 1148 1160 1175 
8  138 1096 1112 1132 1149 1174 1180 1207 
8  811 1105 1141 1151 1154 1162 1176 1220 
8  204 1110 1114 1125 1135 1144 1161 1170 
8  188 1115 1136 1156 1186 1197 1210 1219 
8  410 1118 1142 1157 1171 1185 1199 1221 
8  554 1146 1155 1165 1189 1208 1223 1228 
8  1150 1163 1169 1188 1194 1213 1224 1233 
8  561 1159 1172 1183 1193 1200 1212 1222 
8  640 1164 1177 1190 1206 1214 1231 1240 
8  6 11 30 373 1178 1192 1235 1246 
8  13 381 1179 1184 1195 1211 1234 1245 
8  24 37 1198 1202 1216 1229 1238 1244 
8  16 28 35 376 1203 1217 1227 1236 
8  21 34 44 308 1204 1209 1237 1241 
8  2 10 39 43 68 664 1205 1215 
8  4 17 26 33 338 1218 1226 1239 
8  18 45 49 76 884 1225 1242 1249 
8  9 41 48 67 81 100 567 1248 
8  0 14 46 51 60 72 87 397 
8  3 15 29 32 64 77 84 91 
8  5 22 53 62 66 88 102 1088 
8  7 23 47 50 70 95 109 868 
8  12 36 40 58 75 92 114 396 
8  19 42 54 73 80 103 120 461 
8  20 31 61 78 94 105 121 619 
8  52 56 65 74 86 106 131 137 
8  55 79 83 108 112 124 142 517 
8  57 69 85 101 118 125 148 788 
8  59 97 110 136 164 182 192 773 
8  63 90 96 115 135 157 167 539 
8  82 98 107 133 149 156 168 191 
8  99 104 127 146 166 183 205 925 
8  111 116 132 161 181 197 215 562 
8  113 129 141 153 162 172 180 861 
8  117 128 143 165 170 190 196 879 
8  119 122 145 158 186 202 220 230 
8  134 155 163 174 208 226 239 251 
8  139 154 169 177 193 206 227 599 
8  140 151 173 187 209 218 238 254 
8  144 175 176 198 211 235 249 262 
8  150 152 194 201 221 231 256 810 
8  159 179 195 214 245 250 269 281 
8  178 184 203 229 240 253 266 647 
8  185 199 207 223 246 261 272 792 
8  189 200 234 257 280 292 297 316 
8  210 222 247 273 300 311 324 954 
8  212 216 241 259 283 290 296 313 
8  213 228 242 255 270 284 303 1058 
8  224 233 258 265 278 295 320 727 
8  236 263 264 274 299 310 317 995 
8  237 243 268 287 291 301 306 1042 
8  244 248 276 286 305 319 326 337 
8  252 282 294 312 322 346 369 764 
8  267 277 314 327 334 345 378 589 
8  279 293 315 330 342 347 375 385 
8  285 298 323 335 352 366 379 868 
8  289 304 318 333 340 349 384 660 
8  302 307 332 348 359 365 370 392 
8  321 328 339 354 363 371 388 987 
8  329 341 364 390 399 416 429 451 
8  331 351 355 360 393 402 420 888 
8  336 353 367 382 391 407 414 427 
8  343 350 358 372 395 406 430 440 
8  344 377 389 403 415 438 452 703 
8  356 380 386 394 413 439 444 463 
8  357 383 387 419 425 445 480 1218 
8  361 398 408 426 433 446 467 999 
8  368 401 412 424 443 453 473 483 
8  400 411 436 441 455 465 474 487 
8  404 409 423 437 447 468 479 486 
8  405 422 428 460 466 491 506 1155 
8  421 431 432 475 489 500 523 890 
8  434 450 470 496 532 538 548 1037 
8  442 448 477 481 495 533 536 921 
8  449 456 484 503 513 529 543 979 
8  454 471 472 507 516 547 566 1022 
8  457 478 493 501 510 555 580 896 
8  464 490 502 515 534 568 582 1023 
8  469 476 497 509 527 528 551 1001 
8  482 494 504 537 559 570 583 1027 
8  485 499 511 520 560 572 587 1012 
8  492 505 518 549 564 578 598 669 
8  498 508 519 542 550 563 585 604 
8  512 526 530 557 565 575 586 613 
8  521 541 576 590 595 614 632 931 
8  522 531 544 558 591 602 622 627 
8  524 535 545 569 581 607 616 1033 
8  525 552 574 597 606 609 623 633 
8  540 553 577 594 605 621 624 636 
8  546 571 588 600 615 630 634 653 
8  573 579 608 625 644 649 671 1043 
8  584 596 610 629 639 651 679 1187 
8  592 603 612 617 648 676 688 1087 
8  593 611 638 641 662 665 692 699 
8  601 618 631 645 652 659 675 704 
8  9 620 637 642 661 666 680 701 
8  626 643 654 674 684 702 718 723 
8  30 628 635 646 650 685 690 706 
8  655 656 670 673 689 716 728 1059 
8  657 672 695 697 711 741 753 774 
8  658 668 682 707 714 730 739 755 
8  663 667 691 700 726 736 751 769 
8  677 681 693 715 738 747 754 762 
8  678 696 720 731 743 758 763 1222 
8  683 694 705 717 735 759 777 786 
8  686 708 719 722 768 784 796 1062 
8  687 710 725 737 756 761 779 1202 
8  698 709 733 744 765 771 789 1133 
8  712 721 732 742 750 766 770 782 
8  713 724 745 775 787 804 816 1065 
8  729 746 772 783 785 812 822 1029 
8  734 749 757 776 790 795 821 834 
8  740 760 780 791 797 815 824 847 
8  748 752 767 798 817 827 836 845 
8  37 778 794 805 826 852 862 871 
8  781 799 801 813 830 837 872 1232 
8  793 800 814 843 867 885 895 910 
8  802 819 832 849 858 870 876 891 
8  803 823 831 838 842 873 881 893 
8  386 806 808 840 853 869 878 901 
8  807 818 829 839 857 894 897 908 
8  809 825 844 851 880 898 909 934 
8  227 820 833 846 850 883 900 905 
8  209 828 848 863 874 899 904 924 
8  98 835 854 860 887 907 918 941 
8  841 856 865 912 923 933 953 969 
8  86 855 859 864 889 902 928 942 
8  866 877 892 911 929 961 974 1126 
8  875 886 906 917 946 952 963 975 
8  217 882 913 927 932 936 966 977 
8  903 915 943 948 955 984 997 1028 
8  914 920 947 960 970 993 1009 1025 
8  916 926 930 949 967 991 994 1006 
8  919 935 958 978 988 992 1004 1030 
8  922 937 945 965 976 1010 1024 1044 
8  938 951 959 972 982 1014 1017 1034 
8  939 956 981 998 1008 1031 1049 1063 
8  313 940 950 962 973 980 1013 1016 
8  944 957 964 986 996 1003 1032 1047 
8  968 983 1005 1018 1040 1054 1064 1077 
8  6 971 989 1002 1045 1061 1073 1089 
8  14 985 1007 1011 1048 1057 1068 1098 
8  990 1019 1039 1052 1069 1078 1090 1103 
8  1000 1015 1026 1035 1053 1072 1084 1107 
8  1020 1036 1066 1075 1082 1091 1113 1127 
8  88 1021 1041 1050 1074 1095 1116 1135 
8  1038 1046 1060 1079 1093 1101 1111 1123 
8  1051 1071 1081 1094 1105 1120 1148 1156 
8  553 1055 1067 1076 1080 1112 1121 1139 
8  1056 1083 1100 1109 1128 1149 1159 1167 
8  1070 1085 1099 1110 1131 1138 1151 1152 
8  1086 1092 1114 1124 1140 1162 1171 1181 
8  165 1096 1108 1115 1125 1141 1158 1179 
8  1097 1106 1122 1154 1166 1184 1193 1214 
8  358 1102 1117 1136 1145 1165 1182 1191 
8  1104 1118 1143 1150 1172 1189 1197 1207 
8  238 1119 1144 1157 1175 1188 1208 1220 
8  1129 1142 1147 1164 1183 1186 1205 1211 
8  1130 1137 1163 1176 1190 1201 1217 1235 
8  483 1132 1146 1160 1170 1209 1227 1244 
8  155 1134 1161 1169 1180 1198 1230 1236 
8  1153 1168 1178 1199 1213 1229 1234 1247 
8  0 22 54 1173 1195 1203 1231 1241 
8  3 749 1174 1185 1192 1206 1215 1243 
