17  0 156 328 475 625 763 954 1104 1262 1414 1572 1638 1880 1993 2191 2354 2498 
16  0 157 299 468 637 813 955 1084 1222 1417 1568 1632 1877 2038 2193 2298 
16  0 158 303 471 639 814 956 1106 1223 1415 1571 1711 1882 2032 2131 2350 
17  0 159 305 470 640 739 957 1108 1253 1418 1569 1722 1879 2041 2200 2355 2499 
16  0 160 308 450 582 790 958 1107 1260 1416 1573 1730 1878 2034 2110 2351 
16  0 161 317 474 635 740 959 1109 1261 1419 1574 1723 1881 2039 2194 2356 
17  0 162 319 476 624 748 919 1105 1259 1420 1575 1721 1884 2040 2197 2345 2476 
16  0 163 329 478 622 784 960 1110 1263 1421 1576 1725 1883 2035 2198 2357 
16  1 156 311 479 631 781 956 1110 1261 1418 1573 1726 1877 2040 2201 2315 
17  1 164 325 473 626 766 954 1069 1239 1416 1574 1727 1884 2037 2190 2353 2431 
16  1 165 301 474 641 813 957 1107 1233 1420 1576 1728 1880 2042 2192 2350 
16  1 166 302 468 628 814 932 1108 1260 1419 1572 1724 1885 2043 2132 2345 
16  1 167 320 470 636 783 958 1109 1262 1368 1571 1731 1883 2036 2193 2358 
16  1 168 330 478 642 742 959 1081 1240 1409 1568 1730 1879 2044 2196 2346 
17  1 169 331 476 629 770 960 1111 1264 1403 1569 1729 1878 2038 2195 2354 2477 
16  1 170 332 480 643 768 930 1112 1256 1421 1497 1723 1781 2025 2197 2355 
16  2 156 333 481 632 756 953 1071 1260 1420 1577 1731 1882 2041 2194 2348 
16  2 171 329 469 641 809 934 1083 1261 1414 1575 1724 1879 2038 2199 2351 
16  2 172 331 482 634 746 940 1086 1257 1415 1572 1725 1881 2042 2193 2352 
16  2 173 334 480 635 793 952 1110 1262 1416 1578 1728 1885 2044 2200 2359 
16  2 174 335 468 644 745 954 1109 1263 1418 1564 1729 1886 2034 2192 2360 
16  2 175 336 483 636 803 912 1111 1265 1417 1573 1653 1880 2035 2197 2349 
17  2 176 337 484 638 814 950 1070 1264 1421 1495 1726 1853 2037 2202 2356 2498 
16  2 177 338 485 645 775 956 1112 1266 1380 1570 1659 1878 2043 2190 2357 
16  3 156 304 486 560 757 957 1109 1264 1415 1578 1730 1884 2043 2122 2347 
16  3 178 330 452 646 796 933 1110 1265 1419 1571 1729 1887 2037 2203 2305 
16  3 179 306 470 647 780 959 1091 1263 1417 1572 1718 1882 2045 2201 2351 
16  3 180 332 485 648 749 958 1101 1247 1418 1574 1724 1880 2013 2195 2290 
16  3 181 336 471 649 800 909 1113 1209 1421 1575 1727 1849 2034 2193 2348 
16  3 182 334 473 650 736 961 1111 1266 1420 1579 1725 1852 2046 2196 2355 
17  3 183 335 487 622 735 962 1112 1262 1386 1577 1708 1881 2038 2202 2345 2433 
16  3 184 337 476 651 733 939 1114 1267 1422 1573 1728 1883 2039 2204 2360 
16  4 156 339 488 633 764 959 1082 1265 1401 1575 1728 1886 2036 2198 2355 
16  4 185 314 468 588 789 957 1111 1258 1422 1574 1731 1887 2040 2202 2351 
16  4 186 326 487 639 747 927 1088 1263 1419 1570 1726 1884 2041 2193 2349 
16  4 187 315 482 624 815 960 1112 1267 1417 1578 1699 1888 2037 2192 2348 
16  4 188 332 483 652 753 954 1031 1264 1423 1576 1732 1877 2039 2199 2358 
17  4 189 338 489 604 805 962 1064 1268 1418 1579 1705 1882 2035 2203 2347 2450 
16  4 190 330 490 640 767 946 1113 1266 1412 1573 1733 1839 2038 2102 2301 
16  4 191 334 455 653 762 958 1114 1261 1421 1572 1729 1889 2047 2205 2350 
16  5 156 318 491 654 738 960 1113 1268 1419 1580 1707 1889 2042 2196 2358 
16  5 192 338 478 621 791 958 1115 1264 1413 1575 1733 1885 2041 2192 2353 
16  5 193 335 490 618 795 895 1111 1267 1367 1581 1726 1882 2043 2198 2359 
16  5 194 340 448 617 803 961 1103 1263 1422 1577 1732 1888 2044 2195 2350 
16  5 195 337 492 599 773 959 1116 1266 1414 1576 1727 1887 2047 2200 2349 
16  5 196 341 470 652 798 925 1117 1260 1421 1532 1709 1884 2046 2203 2352 
16  5 197 342 482 626 808 931 1114 1265 1420 1582 1730 1890 2045 2199 2354 
16  5 198 343 480 623 811 926 1118 1269 1417 1574 1729 1891 1990 2188 2357 
16  6 157 337 477 643 771 961 1113 1265 1418 1557 1731 1881 2043 2205 2353 
16  6 178 301 483 654 801 938 1114 1266 1424 1574 1734 1885 2048 2198 2352 
16  6 185 328 493 626 777 941 1115 1197 1369 1573 1732 1886 2042 2194 2357 
16  6 192 333 494 627 762 957 1116 1263 1402 1516 1735 1854 2036 2197 2354 
16  6 199 298 485 642 788 948 1037 1264 1419 1579 1728 1888 2040 2206 2361 
16  6 200 340 471 644 779 962 1067 1267 1420 1580 1733 1887 2049 2201 2356 
17  6 201 341 479 624 816 963 1118 1268 1422 1576 1730 1892 2041 2207 2359 2498 
16  6 202 343 486 628 778 964 1117 1270 1423 1577 1727 1883 2045 2196 2362 
16  7 157 334 472 598 817 910 1116 1267 1423 1575 1730 1891 2042 2202 2361 
16  7 179 302 484 655 752 944 1115 1265 1422 1578 1727 1889 2046 2206 2363 
16  7 186 328 495 614 758 963 1117 1259 1418 1533 1728 1887 2048 2208 2358 
16  7 193 322 481 646 761 964 1094 1266 1425 1572 1723 1884 2044 2204 2364 
16  7 203 336 489 608 799 955 1112 1269 1415 1580 1731 1886 2039 2200 2354 
16  7 204 323 466 640 774 962 1111 1270 1424 1576 1735 1888 2050 2205 2360 
16  7 205 339 478 648 782 945 1118 1215 1426 1549 1732 1893 2040 2203 2356 
16  7 206 340 496 641 760 903 1113 1232 1427 1579 1734 1883 2041 2197 2365 
16  8 157 342 487 620 807 963 1048 1269 1424 1578 1670 1893 2024 2195 2355 
16  8 180 328 467 653 818 962 1058 1271 1422 1581 1712 1884 2045 2200 2361 
16  8 187 333 492 647 792 956 1115 1268 1425 1582 1689 1891 2048 2205 2356 
16  8 194 339 476 645 801 964 1060 1272 1385 1579 1730 1887 2050 2194 2353 
16  8 207 311 484 656 819 960 1102 1270 1426 1583 1733 1864 2039 2197 2350 
16  8 208 343 462 640 812 961 1116 1273 1427 1580 1736 1885 2040 2204 2363 
16  8 209 341 454 641 797 965 1119 1274 1423 1568 1731 1888 2047 2201 2357 
16  8 210 327 489 630 820 966 1087 1275 1428 1577 1697 1889 2043 2199 2308 
16  9 157 344 488 657 765 908 1117 1268 1405 1581 1732 1885 2047 2206 2354 
16  9 181 320 475 621 815 964 1055 1269 1394 1583 1734 1889 2049 2202 2359 
16  9 188 340 465 650 806 960 1119 1160 1424 1555 1702 1886 2043 2203 2361 
16  9 195 345 489 629 809 965 1061 1270 1425 1578 1736 1890 2041 2198 2358 
16  9 211 333 490 651 787 920 1120 1271 1423 1579 1737 1892 2044 2208 2352 
16  9 212 341 497 646 804 929 1121 1275 1370 1580 1735 1857 2045 2194 2355 
16  9 213 346 485 584 794 943 1118 1241 1427 1577 1733 1894 2042 2200 2360 
16  9 214 347 459 631 818 966 1122 1272 1429 1582 1731 1861 2046 2108 2362 
16  10 157 330 491 658 769 965 1108 1224 1408 1579 1735 1886 2048 2139 2359 
16  10 182 345 482 659 776 928 1118 1271 1424 1580 1738 1895 2030 2105 2353 
16  10 189 309 475 641 786 966 1117 1190 1375 1578 1717 1891 2050 2204 2366 
16  10 196 307 476 655 754 967 1119 1269 1425 1581 1733 1847 2051 2207 2362 
16  10 215 335 479 653 782 968 1097 1270 1427 1582 1737 1887 2052 2130 2355 
16  10 216 336 492 633 788 890 1079 1272 1426 1584 1734 1890 2042 2201 2363 
17  10 217 346 486 638 772 884 1120 1262 1428 1583 1739 1871 2046 2198 2361 2462 
16  10 218 348 480 639 755 969 1121 1273 1429 1585 1715 1888 2049 2146 2354 
17  11 157 316 498 649 818 968 1098 1266 1428 1554 1736 1888 2051 2127 2356 2481 
16  11 183 331 475 652 812 969 1118 1199 1425 1584 1735 1896 2014 2206 2320 
16  11 190 349 473 644 819 967 1120 1234 1424 1582 1732 1889 2053 2204 2365 
16  11 197 346 458 647 805 912 1119 1271 1426 1585 1740 1885 2050 2202 2355 
16  11 219 312 481 659 806 936 1114 1269 1427 1586 1704 1892 2046 2201 2358 
16  11 220 348 478 660 787 949 1122 1230 1430 1580 1734 1891 2047 2199 2288 
16  11 221 350 484 661 777 933 1121 1272 1431 1581 1678 1893 2044 2140 2360 
16  11 222 351 479 662 734 966 1109 1273 1432 1583 1738 1880 2045 2203 2357 
16  12 157 352 499 617 821 916 1078 1264 1425 1583 1737 1894 2050 2201 2365 
16  12 184 310 475 656 768 915 1119 1272 1340 1586 1732 1895 2045 2205 2364 
17  12 191 347 478 634 816 967 1121 1236 1427 1584 1738 1886 2054 2202 2366 2460 
16  12 198 336 493 662 751 947 1120 1274 1366 1512 1733 1893 2048 2206 2367 
16  12 223 349 486 635 797 968 1122 1242 1426 1581 1735 1892 2049 2209 2353 
16  12 224 345 456 647 790 966 1123 1276 1430 1535 1739 1784 2044 2207 2363 
16  12 225 325 490 655 822 970 1124 1273 1397 1544 1734 1896 2052 2200 2356 
16  12 226 350 494 645 753 969 1106 1226 1428 1582 1685 1897 2047 2203 2359 
16  13 158 332 491 663 752 967 1030 1272 1428 1585 1737 1891 2055 2209 2367 
16  13 178 342 475 664 821 968 1073 1273 1430 1587 1740 1897 2046 2208 2360 
16  13 186 337 497 662 783 879 1122 1238 1431 1584 1736 1889 2050 2195 2361 
16  13 194 345 498 632 823 969 1110 1274 1432 1581 1734 1894 2053 2205 2366 
16  13 211 350 472 665 772 970 1115 1275 1419 1563 1738 1890 2000 2204 2362 
16  13 215 344 500 642 789 924 1120 1205 1426 1586 1741 1896 2051 2184 2357 
16  13 219 347 496 623 819 957 1123 1212 1433 1588 1742 1893 2047 2210 2364 
16  13 223 348 501 637 799 914 1124 1271 1434 1583 1743 1898 2048 2207 2368 
16  14 158 338 479 650 802 913 1121 1274 1400 1586 1736 1850 2056 2208 2362 
16  14 179 344 483 666 810 965 1122 1271 1411 1587 1739 1893 2052 2204 2369 
16  14 185 346 496 667 746 921 1124 1275 1430 1562 1737 1895 2049 2206 2358 
16  14 195 350 487 625 824 871 1092 1277 1429 1584 1740 1891 2051 2210 2365 
16  14 207 352 480 664 779 922 1123 1249 1428 1589 1735 1890 2053 2211 2368 
16  14 216 349 477 648 815 969 1125 1276 1431 1588 1726 1874 2048 2212 2370 
16  14 220 324 476 668 817 971 1126 1278 1384 1585 1738 1892 2057 2151 2363 
16  14 224 353 481 658 798 967 1095 1279 1432 1590 1741 1897 2050 2213 2371 
16  15 158 313 493 660 825 905 1124 1276 1337 1558 1738 1894 1999 2210 2359 
16  15 180 344 502 628 826 971 1123 1274 1429 1590 1714 1895 2054 2209 2360 
16  15 188 351 492 665 796 951 1125 1277 1420 1585 1736 1893 2053 2207 2371 
16  15 192 352 497 630 785 917 1126 1279 1430 1586 1742 1898 2052 2212 2325 
16  15 203 353 474 656 827 968 1127 1204 1431 1589 1739 1896 2055 2214 2362 
16  15 217 354 487 631 811 880 1128 1244 1432 1587 1737 1858 2056 2211 2363 
16  15 221 355 477 614 809 970 1129 1278 1433 1566 1740 1899 2049 2213 2318 
16  15 225 356 482 649 828 972 1119 1275 1418 1584 1741 1892 2058 2215 2367 
16  16 158 357 486 611 827 970 1052 1181 1427 1587 1741 1895 2023 2207 2370 
16  16 181 353 472 669 816 972 1080 1276 1429 1485 1736 1898 2057 2205 2369 
16  16 187 354 495 654 806 973 1123 1248 1356 1584 1743 1894 2049 2212 2326 
16  16 193 355 436 625 789 974 1125 1274 1430 1589 1738 1900 2058 2216 2361 
16  16 199 358 476 670 791 975 1088 1275 1432 1586 1739 1899 2054 2210 2368 
16  16 218 356 484 667 804 976 1126 1277 1433 1561 1744 1890 2055 2208 2366 
16  16 222 359 488 626 793 977 1127 1278 1434 1588 1737 1897 2051 2143 2372 
16  16 226 360 489 623 825 978 1128 1280 1351 1585 1745 1896 2059 2213 2365 
16  17 158 361 494 633 820 972 1126 1280 1431 1590 1740 1900 2053 2206 2364 
16  17 182 351 499 668 799 973 1117 1275 1376 1587 1742 1896 2015 2205 2361 
16  17 190 354 485 664 813 974 1129 1277 1410 1586 1745 1901 2057 2161 2336 
16  17 198 356 481 653 766 975 1125 1278 1429 1591 1743 1878 2056 2214 2373 
16  17 200 360 498 651 763 976 1127 1276 1435 1592 1741 1899 2052 2209 2374 
16  17 204 358 477 647 829 977 1128 1274 1436 1593 1719 1890 2018 2215 2369 
16  17 208 359 478 638 825 896 1113 1243 1388 1525 1744 1892 2060 2211 2362 
16  17 212 321 483 671 819 918 1105 1279 1434 1585 1746 1894 2054 2208 2370 
16  18 158 362 490 620 830 973 1125 1279 1433 1592 1739 1901 2051 2211 2375 
16  18 183 360 497 672 792 919 1129 1281 1409 1587 1743 1900 2054 2215 2371 
16  18 189 363 477 669 808 949 1062 1277 1381 1590 1742 1894 2056 2216 2367 
16  18 201 336 500 661 818 972 1075 1278 1432 1589 1744 1895 2052 2217 2300 
16  18 205 364 480 627 780 974 1127 1280 1436 1571 1746 1898 2060 2210 2363 
16  18 209 365 481 657 791 923 1130 1282 1431 1593 1745 1902 2058 2207 2366 
16  18 213 366 499 628 758 976 1116 1283 1434 1594 1740 1903 2057 2212 2376 
16  18 227 340 501 638 824 975 1128 1284 1392 1588 1686 1904 2012 2208 2374 
16  19 158 367 503 646 821 974 1074 1271 1429 1588 1744 1859 2059 2215 2376 
16  19 184 351 495 609 823 975 1127 1253 1372 1559 1740 1901 2058 2217 2369 
16  19 196 359 487 602 831 904 1129 1276 1436 1589 1742 1902 2061 2218 2373 
17  19 202 331 501 658 822 959 1130 1277 1435 1587 1746 1873 2062 2212 2372 2496 
16  19 206 358 480 649 832 963 1131 1254 1382 1590 1743 1896 2057 2219 2366 
16  19 210 314 485 659 774 971 1132 1263 1433 1591 1727 1897 2052 2216 2365 
16  19 214 363 483 673 744 973 1133 1280 1333 1593 1722 1895 2027 2214 2371 
16  19 228 360 502 621 767 977 1134 1279 1431 1594 1747 1881 2056 2210 2377 
16  20 159 325 485 672 833 976 1130 1280 1437 1588 1720 1905 2056 2217 2297 
16  20 178 357 504 657 831 978 1085 1281 1433 1590 1746 1903 2063 2214 2368 
16  20 187 361 496 636 759 917 993 1282 1434 1466 1729 1899 2055 2211 2369 
16  20 195 309 493 671 834 974 1131 1283 1421 1591 1739 1902 2053 2209 2372 
16  20 203 349 491 674 804 958 1132 1189 1436 1592 1743 1904 2010 2213 2364 
17  20 227 358 505 634 826 954 1127 1273 1438 1594 1742 1900 2059 2220 2370 2488 
16  20 228 362 506 643 747 914 1126 1284 1435 1589 1745 1897 2060 2178 2367 
16  20 229 363 479 675 800 979 1066 1272 1439 1595 1741 1898 2054 2218 2365 
16  21 159 350 461 676 827 935 1132 1269 1434 1579 1742 1901 1987 2209 2366 
16  21 179 357 497 644 784 980 1048 1186 1435 1593 1744 1904 2051 2216 2373 
16  21 188 359 500 674 771 978 1130 1206 1379 1591 1747 1898 2055 2189 2370 
16  21 194 361 502 677 835 970 1122 1252 1436 1595 1745 1903 1986 2217 2319 
16  21 199 362 475 673 766 981 1131 1281 1437 1515 1741 1906 2059 2221 2369 
16  21 230 330 493 668 832 982 1134 1280 1438 1589 1748 1866 2054 2212 2374 
16  21 231 364 495 637 757 972 1125 1282 1439 1594 1749 1872 2061 2134 2372 
16  21 232 365 489 635 836 979 1133 1267 1440 1590 1750 1899 2060 2165 2375 
16  22 159 366 483 670 807 892 1131 1282 1435 1595 1747 1862 2063 2213 2375 
16  22 180 348 451 674 835 973 1134 1277 1437 1553 1749 1899 2064 2215 2373 
16  22 185 357 498 631 837 979 1130 1283 1426 1569 1748 1897 2059 2210 2378 
16  22 193 331 507 650 834 981 1133 1284 1378 1592 1744 1898 2061 2172 2377 
16  22 211 364 503 641 790 980 1132 1218 1438 1565 1745 1905 2053 2164 2369 
16  22 233 362 484 678 769 963 1135 1285 1436 1591 1750 1900 2062 2222 2368 
16  22 234 368 477 645 836 932 1136 1281 1432 1594 1751 1868 2055 2218 2364 
16  22 235 352 505 642 773 978 1137 1261 1439 1593 1721 1901 2005 2219 2367 
16  23 159 335 488 660 829 982 1065 1281 1439 1591 1744 1860 2057 2220 2378 
16  23 181 367 496 679 775 979 1107 1284 1437 1593 1746 1856 2065 2209 2379 
16  23 186 310 502 629 813 976 1131 1285 1438 1596 1664 1904 2058 2211 2371 
16  23 192 368 500 659 781 981 1091 1282 1440 1597 1724 1900 2056 2219 2374 
16  23 207 351 486 680 838 983 1121 1283 1435 1567 1683 1905 2055 2215 2339 
16  23 236 369 501 648 828 984 1133 1286 1441 1594 1745 1906 2022 2216 2380 
16  23 237 362 508 632 839 985 1132 1268 1442 1595 1748 1899 2061 2214 2370 
16  23 238 370 491 651 812 980 1129 1250 1387 1598 1747 1903 2059 2222 2366 
16  24 159 324 509 662 830 979 1135 1257 1438 1597 1749 1863 2066 2214 2364 
16  24 182 367 484 579 765 948 1128 1283 1439 1592 1747 1906 2058 2223 2373 
16  24 191 368 504 665 838 918 1093 1284 1441 1543 1748 1901 2062 2213 2376 
16  24 197 332 495 681 824 980 1124 1281 1417 1595 1750 1902 2064 2211 2377 
16  24 201 327 498 639 794 977 1081 1285 1437 1598 1751 1907 2057 2216 2370 
16  24 206 333 506 666 835 984 1136 1287 1440 1593 1752 1905 2019 2212 2368 
16  24 239 355 505 658 839 983 1134 1286 1399 1596 1753 1903 2034 2153 2375 
16  24 240 371 486 636 840 982 1130 1288 1442 1575 1754 1900 2060 2138 2379 
16  25 159 372 492 663 839 980 1136 1255 1443 1592 1746 1907 2067 2215 2380 
16  25 183 358 508 617 825 964 1134 1285 1439 1573 1752 1902 2063 2217 2376 
16  25 196 370 494 669 837 960 1135 1182 1437 1594 1753 1901 2006 2224 2371 
16  25 200 371 482 661 817 983 1100 1287 1353 1595 1749 1904 2002 2219 2378 
16  25 223 302 504 673 811 966 1137 1174 1438 1598 1750 1908 2061 2223 2338 
16  25 241 344 503 638 840 942 1104 1286 1440 1599 1747 1909 1991 2214 2367 
16  25 242 338 495 671 841 900 1120 1288 1441 1528 1751 1903 2065 2220 2373 
16  25 243 373 507 643 782 934 1132 1282 1444 1596 1647 1906 2062 2218 2379 
16  26 159 374 510 667 842 983 1076 1285 1429 1599 1748 1906 2060 2224 2372 
17  26 184 369 504 678 803 974 1097 1287 1442 1596 1747 1907 2064 2157 2374 2459 
16  26 189 371 502 586 814 938 1118 1289 1440 1598 1746 1902 2068 2213 2381 
16  26 204 311 493 666 843 985 1135 1281 1441 1600 1716 1904 2067 2217 2375 
16  26 219 370 499 675 795 975 1136 1286 1444 1597 1750 1910 2063 2220 2382 
16  26 244 353 498 655 838 981 1090 1288 1443 1595 1752 1875 2058 2222 2383 
16  26 245 341 505 637 844 971 1138 1290 1445 1601 1698 1905 2062 2214 2377 
16  26 246 375 439 630 841 982 1133 1291 1446 1584 1749 1908 2069 2218 2368 
16  27 160 366 506 644 786 982 1135 1231 1443 1596 1751 1902 2059 2219 2382 
17  27 178 370 509 635 842 984 1134 1288 1445 1600 1755 1869 2061 2221 2316 2465 
16  27 188 371 511 627 833 985 1136 1229 1428 1599 1753 1908 2062 2216 2374 
16  27 193 372 512 637 843 986 1053 1286 1442 1598 1752 1867 2065 2218 2329 
16  27 207 336 513 676 826 987 1077 1289 1393 1597 1748 1903 2064 2223 2371 
16  27 239 361 487 678 845 945 1138 1292 1444 1602 1749 1909 2060 2225 2376 
16  27 241 374 477 679 846 925 1137 1287 1441 1601 1754 1911 2063 2222 2381 
16  27 244 376 479 640 847 973 1139 1290 1446 1523 1750 1904 2066 2224 2379 
16  28 160 375 488 656 770 885 1136 1288 1406 1598 1756 1906 2064 2217 2384 
16  28 179 312 509 645 763 985 1044 1286 1443 1601 1757 1912 2068 2223 2296 
16  28 187 369 511 646 846 930 1109 1289 1444 1600 1680 1905 2065 2219 2372 
17  28 192 372 514 639 847 987 1135 1284 1422 1599 1754 1910 2069 2225 2373 2458 
16  28 211 363 508 668 845 984 1137 1290 1447 1596 1725 1870 2067 2220 2383 
16  28 240 373 489 682 756 986 1138 1233 1430 1597 1751 1908 2070 2221 2378 
16  28 242 374 491 677 774 988 1140 1291 1391 1602 1750 1884 2071 2226 2371 
16  28 245 376 515 649 848 942 1141 1287 1433 1603 1753 1913 2017 2218 2376 
16  29 160 377 463 650 840 984 1138 1224 1435 1603 1757 1907 2065 2176 2306 
16  29 180 374 516 632 759 986 1131 1289 1443 1604 1648 1909 2062 2220 2384 
16  29 186 321 505 683 793 985 1139 1291 1444 1598 1754 1913 2070 2227 2380 
16  29 195 364 509 680 845 987 1140 1293 1396 1605 1752 1886 2072 2219 2375 
16  29 199 369 512 619 849 969 1102 1290 1448 1597 1753 1911 2061 2150 2385 
16  29 243 367 517 640 810 988 1114 1292 1442 1599 1751 1905 2026 2222 2386 
17  29 246 307 513 601 829 979 1137 1294 1445 1580 1756 1910 2068 2224 2374 2492 
16  29 247 378 482 657 820 989 1141 1295 1446 1596 1677 1912 2071 2221 2372 
16  30 160 365 492 681 843 987 1139 1278 1445 1602 1753 1912 2063 2228 2378 
16  30 181 373 505 684 776 988 1141 1289 1447 1605 1749 1897 2073 2224 2382 
16  30 185 378 499 613 850 953 1138 1291 1442 1600 1756 1911 2066 2223 2383 
16  30 194 379 503 685 849 983 1140 1280 1443 1574 1754 1908 2064 2229 2386 
16  30 203 371 490 670 848 986 1046 1290 1444 1576 1755 1851 2033 2222 2387 
16  30 248 380 497 654 805 961 1142 1251 1416 1597 1752 1906 2068 2225 2377 
16  30 249 316 500 678 798 989 1143 1293 1448 1599 1757 1913 2067 2226 2379 
16  30 250 381 479 686 780 984 1144 1265 1449 1545 1758 1909 2069 2219 2381 
16  31 160 342 502 687 849 988 1099 1294 1446 1600 1752 1909 2070 2230 2387 
16  31 182 379 510 673 789 947 1141 1223 1445 1604 1758 1907 2066 2222 2375 
16  31 202 315 498 679 851 894 1139 1292 1447 1603 1756 1908 2071 2231 2377 
16  31 205 320 491 666 847 978 1142 1293 1449 1601 1753 1914 2064 2220 2372 
16  31 219 381 508 683 809 986 1145 1295 1448 1602 1759 1915 2068 2229 2388 
16  31 224 368 511 633 844 989 1140 1296 1390 1606 1655 1911 2069 2224 2378 
16  31 229 313 495 688 852 990 1143 1290 1450 1605 1754 1912 2003 2232 2374 
16  31 230 373 513 689 853 991 1144 1262 1405 1599 1755 1916 2063 2227 2383 
16  32 160 382 480 671 761 989 1142 1291 1447 1604 1755 1910 2072 2181 2376 
16  32 183 345 513 674 814 990 1140 1292 1446 1511 1757 1914 1964 2170 2380 
16  32 191 354 507 677 778 991 1141 1293 1434 1600 1754 1843 2068 2228 2384 
16  32 204 379 514 658 852 911 1089 1294 1448 1601 1760 1916 2065 2221 2382 
16  32 210 369 490 688 837 951 1144 1295 1445 1603 1761 1917 2067 2223 2334 
16  32 215 380 509 690 851 992 1082 1296 1449 1602 1762 1907 2070 2232 2379 
16  32 231 381 517 612 794 955 1115 1297 1451 1529 1756 1912 2073 2225 2375 
16  32 233 383 499 660 788 993 1145 1274 1440 1605 1758 1908 2074 2226 2385 
16  33 160 346 494 691 851 962 1143 1295 1451 1601 1654 1877 2066 2227 2385 
16  33 184 378 515 679 853 956 1142 1294 1450 1602 1757 1917 2009 2233 2384 
16  33 190 372 516 692 783 968 1144 1293 1446 1556 1756 1915 2074 2232 2378 
16  33 201 380 510 618 810 990 1146 1297 1447 1606 1759 1909 2065 2223 2389 
16  33 216 318 505 688 854 991 1091 1296 1448 1521 1758 1910 2071 2230 2386 
16  33 232 381 518 643 822 992 1147 1259 1452 1583 1755 1911 2067 2228 2377 
16  33 234 334 493 682 798 976 1145 1292 1449 1604 1760 1883 2073 2156 2383 
16  33 236 357 513 685 787 994 1148 1298 1453 1603 1728 1912 2069 2234 2312 
16  34 161 366 504 680 832 936 1086 1294 1447 1607 1758 1911 2075 2225 2379 
16  34 179 378 501 687 855 990 1145 1296 1451 1603 1755 1830 2076 2235 2381 
16  34 189 359 507 685 785 992 1146 1210 1404 1604 1757 1915 2071 2224 2385 
16  34 197 370 516 642 764 955 1122 1295 1449 1605 1763 1913 2021 2228 2311 
16  34 200 375 512 686 830 991 1101 1297 1450 1587 1691 1914 2067 2221 2387 
16  34 210 377 469 663 846 994 1147 1299 1438 1602 1756 1916 2007 2230 2389 
16  34 225 337 508 676 854 993 1143 1298 1452 1606 1760 1907 2072 2162 2384 
16  34 229 380 519 652 769 995 1141 1300 1448 1608 1761 1918 2057 2227 2390 
16  35 161 382 500 675 825 939 1145 1297 1383 1608 1762 1916 2031 2228 2380 
16  35 180 383 506 682 852 995 1073 1296 1425 1607 1757 1919 2066 2229 2377 
16  35 190 347 503 676 851 988 1146 1235 1450 1609 1755 1913 1984 2225 2388 
16  35 196 377 511 667 856 993 1137 1300 1424 1604 1759 1912 2070 2194 2382 
16  35 205 324 457 684 834 970 1143 1299 1453 1610 1758 1915 2076 2221 2383 
16  35 226 375 518 636 802 994 1116 1301 1449 1591 1761 1910 2074 2231 2391 
16  35 231 376 435 647 793 996 1108 1286 1423 1605 1760 1911 2071 2233 2387 
16  35 237 378 514 672 797 997 1112 1289 1454 1606 1763 1918 2036 2226 2386 
16  36 161 322 494 693 847 994 1149 1300 1450 1606 1743 1915 2073 2235 2323 
16  36 181 375 520 617 831 993 1146 1299 1420 1603 1741 1918 2066 2228 2392 
16  36 191 378 521 694 807 937 1072 1297 1389 1593 1758 1913 2072 2229 2382 
16  36 202 383 519 681 760 950 1147 1298 1377 1604 1762 1887 2068 2233 2386 
16  36 208 384 509 692 856 995 1148 1301 1451 1510 1760 1909 2075 2190 2380 
16  36 216 385 522 632 833 975 1142 1240 1452 1605 1759 1916 2069 2231 2390 
16  36 221 341 513 663 857 996 1150 1283 1449 1607 1764 1917 2076 2226 2388 
16  36 227 381 523 651 827 941 1151 1302 1453 1578 1761 1914 2070 2236 2384 
16  37 161 386 497 648 857 989 1146 1298 1451 1610 1761 1919 2077 2230 2382 
16  37 182 375 524 670 858 992 1129 1300 1453 1539 1763 1917 2072 2179 2380 
16  37 185 323 502 663 859 952 1148 1297 1452 1609 1765 1915 2078 2233 2391 
16  37 209 354 508 684 768 995 1149 1302 1454 1611 1762 1913 2069 2183 2385 
16  37 214 343 511 685 775 972 1147 1220 1450 1607 1760 1918 2044 2231 2381 
16  37 222 374 521 689 790 996 1151 1217 1455 1597 1759 1920 2073 2202 2386 
16  37 223 383 525 691 800 997 1152 1299 1456 1608 1764 1914 2071 2225 2393 
16  37 232 385 526 652 840 974 1150 1301 1336 1606 1766 1921 2011 2229 2383 
16  38 161 387 443 688 821 996 1147 1285 1453 1609 1766 1882 2074 2227 2392 
16  38 183 384 510 636 850 997 1139 1298 1455 1611 1765 1916 2076 2229 2387 
16  38 186 353 507 695 856 987 1149 1287 1452 1607 1740 1914 2077 2177 2386 
16  38 198 385 488 665 846 998 1070 1300 1451 1612 1762 1876 2078 2226 2393 
16  38 217 381 525 644 823 995 1146 1303 1437 1538 1763 1865 2079 2231 2349 
16  38 228 388 482 690 843 915 1140 1270 1456 1610 1759 1917 2075 2234 2313 
16  38 230 327 501 670 859 999 1034 1301 1439 1608 1767 1920 2070 2237 2385 
16  38 234 389 512 654 858 944 1148 1299 1454 1613 1761 1921 2080 2232 2381 
16  39 161 371 517 664 853 998 1151 1258 1452 1611 1763 1921 2081 2234 2388 
17  39 184 384 524 628 829 986 1149 1299 1457 1609 1767 1922 2079 2226 2382 2473 
16  39 187 385 426 655 860 943 1113 1302 1455 1607 1768 1915 2072 2227 2389 
16  39 212 388 518 669 839 999 1150 1298 1398 1581 1769 1914 2028 2232 2390 
16  39 215 389 506 629 844 994 1153 1303 1456 1612 1765 1918 2077 2236 2380 
16  39 220 340 516 695 861 997 1154 1304 1453 1613 1730 1919 2073 2231 2385 
16  39 235 313 523 659 842 965 1056 1301 1454 1610 1770 1916 2078 2193 2392 
16  39 238 377 521 645 862 1000 1133 1305 1458 1606 1761 1923 2075 2168 2387 
16  40 161 390 496 653 860 999 1138 1303 1454 1614 1764 1896 2082 2173 2384 
16  40 188 384 527 682 849 998 1150 1302 1456 1613 1770 1920 2074 2228 2394 
16  40 201 306 507 696 859 967 1152 1245 1455 1610 1762 1918 2079 2166 2388 
16  40 204 385 515 686 861 940 1084 1293 1457 1608 1763 1923 2076 2230 2391 
16  40 218 388 513 697 801 1000 1149 1263 1459 1612 1749 1919 2072 2233 2381 
16  40 224 391 516 670 811 1001 1151 1305 1460 1607 1765 1922 2080 2235 2322 
16  40 242 316 519 672 815 1002 1153 1301 1363 1609 1768 1917 2073 2232 2387 
16  40 247 389 508 698 777 1003 1154 1306 1408 1615 1766 1924 2075 2237 2389 
16  41 162 379 488 661 854 1000 1151 1246 1454 1608 1766 1917 2077 2231 2394 
16  41 179 382 520 634 863 998 1152 1294 1457 1614 1765 1919 2083 2227 2395 
16  41 190 387 521 683 824 926 1121 1302 1459 1548 1763 1922 2078 2237 2390 
16  41 202 356 504 696 792 1001 1153 1241 1458 1611 1764 1816 2074 2230 2396 
16  41 209 388 522 650 835 990 1154 1243 1455 1609 1770 1921 2082 2236 2393 
16  41 215 386 515 627 836 999 1128 1260 1448 1598 1768 1924 2079 2234 2392 
16  41 239 310 523 654 837 1002 1150 1291 1460 1612 1739 1923 2081 2238 2389 
16  41 243 390 525 639 857 1003 1155 1304 1461 1616 1762 1920 2080 2229 2391 
16  42 162 389 499 689 864 999 1152 1304 1458 1617 1733 1906 2008 2233 2397 
16  42 180 380 528 655 845 1001 1149 1303 1462 1610 1766 1920 2081 2239 2387 
16  42 189 382 529 697 823 1002 1151 1306 1456 1616 1767 1925 2076 2169 2351 
16  42 198 320 514 680 842 934 1148 1305 1455 1526 1764 1919 2084 2237 2394 
16  42 206 384 530 657 865 1003 1153 1297 1414 1614 1769 1921 2085 2160 2392 
16  42 220 360 515 676 858 1004 1155 1237 1459 1611 1770 1844 2075 2235 2395 
16  42 232 390 531 647 841 1005 1154 1307 1457 1522 1771 1905 2074 2234 2390 
16  42 241 369 522 626 800 1000 1145 1308 1460 1613 1768 1918 2078 2230 2398 
16  43 162 392 517 631 803 1001 1150 1306 1457 1618 1738 1926 2078 2236 2399 
16  43 181 386 516 699 771 1000 1156 1292 1456 1611 1769 1927 2082 2180 2389 
16  43 196 323 512 634 848 1002 1154 1216 1458 1608 1772 1922 2084 2239 2388 
16  43 201 321 503 687 862 1004 1157 1303 1460 1615 1767 1921 2083 2233 2390 
16  43 219 339 506 693 778 1006 1155 1305 1436 1613 1766 1925 2079 2238 2393 
16  43 225 390 509 700 813 998 1158 1308 1459 1617 1773 1923 2077 2187 2392 
16  43 233 393 518 657 866 1005 1110 1304 1462 1612 1764 1924 2086 2235 2398 
16  43 251 387 519 656 834 980 1159 1307 1463 1614 1731 1920 2075 2182 2396 
16  44 162 391 526 641 825 1002 1144 1307 1459 1613 1769 1924 2029 2240 2391 
16  44 182 390 532 701 785 985 1157 1305 1451 1611 1768 1926 2085 2239 2397 
16  44 186 393 520 691 808 1003 1068 1249 1458 1599 1737 1925 2078 2232 2394 
16  44 210 394 515 644 838 1005 1156 1219 1460 1617 1766 1898 2084 2236 2396 
16  44 213 387 511 697 816 1004 1158 1304 1415 1618 1652 1927 2079 2241 2400 
16  44 221 395 483 684 860 1006 1159 1284 1457 1612 1770 1928 2080 2237 2401 
17  44 226 396 504 640 865 1007 1155 1279 1455 1615 1771 1922 2077 2242 2398 2490 
16  44 235 397 512 643 851 1008 1160 1250 1461 1614 1767 1923 2086 2234 2393 
16  45 162 398 507 649 866 1006 1069 1308 1461 1615 1765 1927 1959 2239 2396 
16  45 183 393 522 635 855 1007 1153 1305 1459 1616 1772 1928 2081 2241 2402 
16  45 185 395 516 646 841 1008 1157 1309 1458 1618 1773 1920 2076 2238 2328 
16  45 208 377 525 666 867 983 1156 1306 1401 1612 1768 1921 2087 2240 2394 
16  45 218 347 523 668 868 1009 1158 1307 1462 1541 1767 1926 2080 2197 2395 
16  45 229 394 514 664 869 1010 1147 1310 1463 1594 1769 1895 2077 2235 2393 
16  45 236 396 492 683 858 981 1159 1311 1460 1619 1774 1889 2039 2243 2391 
16  45 240 397 494 698 826 1011 1161 1312 1464 1547 1770 1922 2083 2244 2397 
16  46 162 399 501 653 867 1009 1157 1248 1443 1616 1770 1923 2079 2242 2403 
16  46 184 393 528 677 776 977 1156 1307 1461 1532 1773 1929 2083 2237 2388 
16  46 188 307 521 690 868 963 1159 1306 1464 1617 1765 1930 2081 2245 2393 
16  46 197 385 530 668 797 1006 1160 1309 1463 1619 1771 1924 2082 2241 2394 
16  46 205 394 531 692 814 1002 1158 1311 1465 1614 1775 1928 2035 2244 2398 
16  46 248 395 533 669 870 1010 1161 1290 1466 1613 1767 1927 2084 2243 2345 
16  46 252 338 506 696 812 991 1162 1308 1462 1618 1769 1922 2087 2191 2333 
16  46 253 382 510 698 813 1007 1071 1299 1444 1620 1768 1931 2086 2236 2390 
16  47 162 400 524 674 820 1007 1120 1309 1462 1621 1774 1925 2083 2234 2348 
16  47 187 366 527 658 868 1008 1156 1298 1449 1615 1772 1931 2085 2235 2399 
16  47 200 393 529 694 871 961 1096 1308 1463 1588 1775 1930 2080 2163 2389 
16  47 214 306 530 592 826 995 1157 1306 1413 1620 1744 1927 2088 2246 2391 
16  47 216 394 534 656 861 964 1155 1312 1466 1582 1773 1924 2081 2247 2400 
16  47 230 383 532 645 870 1009 1160 1310 1464 1618 1776 1928 2089 2240 2346 
16  47 237 352 510 693 867 942 1158 1267 1461 1619 1777 1932 2084 2245 2397 
16  47 244 332 535 687 831 1005 1161 1311 1459 1622 1778 1926 2082 2238 2401 
16  48 163 364 510 699 817 1008 1079 1307 1464 1616 1774 1933 2087 2239 2392 
16  48 179 392 527 660 840 946 1054 1310 1461 1610 1662 1924 2088 2238 2390 
17  48 191 395 524 675 786 1009 1162 1306 1463 1623 1772 1929 2086 2244 2400 2455 
16  48 196 391 522 591 796 989 1158 1309 1466 1615 1776 1930 2090 2246 2401 
16  48 212 396 528 642 859 1010 1163 1312 1465 1577 1777 1923 2037 2236 2394 
16  48 222 397 519 695 828 1012 1164 1269 1462 1617 1688 1885 2082 2237 2399 
16  48 234 399 514 702 871 1011 1094 1311 1467 1618 1771 1925 2081 2248 2395 
16  48 244 398 536 688 865 988 1160 1313 1468 1585 1735 1931 2080 2243 2397 
16  49 163 400 520 672 795 1011 1157 1308 1465 1619 1734 1929 2089 2247 2393 
16  49 180 388 534 700 872 1010 1162 1264 1464 1592 1771 1926 2016 2246 2396 
16  49 197 326 536 645 804 1008 1161 1303 1467 1617 1775 1932 2088 2242 2400 
16  49 202 391 529 662 850 1012 1125 1310 1468 1620 1772 1933 2083 2245 2398 
16  49 204 395 535 703 779 920 1163 1296 1469 1596 1774 1924 2085 2248 2358 
16  49 213 392 523 665 873 979 1164 1309 1470 1557 1777 1928 2086 2239 2354 
16  49 223 397 481 606 853 1013 1135 1311 1463 1615 1773 1934 2084 2240 2402 
16  49 236 330 531 693 874 993 1132 1295 1358 1616 1776 1927 2091 2249 2395 
16  50 163 343 500 704 864 1009 1161 1313 1446 1620 1771 1934 2085 2249 2404 
16  50 181 396 530 705 801 1012 1165 1288 1464 1621 1773 1931 2090 2248 2403 
16  50 189 392 521 706 852 1011 1139 1314 1466 1589 1772 1932 2082 2240 2396 
16  50 224 398 518 663 863 1004 1162 1310 1441 1616 1775 1841 2060 2247 2399 
16  50 228 399 532 655 809 1013 1103 1312 1468 1619 1778 1927 2086 2250 2405 
16  50 231 401 522 703 830 1014 1164 1311 1471 1623 1779 1888 2083 2242 2406 
16  50 235 402 525 671 872 1015 1163 1315 1467 1540 1776 1929 2084 2238 2398 
16  50 239 334 503 695 788 1010 1166 1316 1469 1622 1780 1925 2087 2241 2397 
16  51 163 403 512 653 873 901 1162 1312 1467 1621 1745 1930 2074 2196 2402 
16  51 182 398 534 707 875 1011 1156 1315 1469 1620 1750 1928 2090 2242 2405 
16  51 187 391 525 708 866 1013 1136 1313 1465 1617 1774 1935 2091 2241 2340 
16  51 225 346 514 705 844 1014 1166 1314 1468 1624 1732 1926 2088 2244 2404 
16  51 241 387 535 709 876 952 1164 1273 1404 1619 1769 1925 2092 2246 2403 
16  51 246 362 515 681 874 1015 1167 1310 1383 1622 1771 1931 2093 2239 2400 
16  51 248 331 517 682 819 1012 1168 1307 1470 1623 1775 1934 2094 2238 2397 
16  51 254 401 523 684 820 1016 1163 1316 1466 1625 1778 1892 2089 2245 2399 
16  52 163 404 526 646 827 990 1163 1314 1470 1622 1779 1935 2090 2243 2395 
16  52 183 399 535 710 874 957 1162 1315 1465 1607 1773 1932 2094 2185 2331 
16  52 188 401 529 701 875 994 1152 1317 1467 1619 1780 1934 2091 2244 2324 
16  52 206 386 537 698 818 938 1164 1316 1468 1621 1775 1929 2093 2240 2401 
16  52 216 402 517 673 816 1013 1165 1318 1471 1620 1757 1930 2087 2251 2396 
16  52 226 342 519 706 782 953 1166 1319 1411 1623 1774 1928 2092 2245 2407 
16  52 238 405 531 705 791 987 1167 1313 1469 1625 1772 1936 2095 2246 2406 
16  52 245 406 524 696 873 1012 1112 1320 1472 1624 1776 1937 2085 2241 2405 
16  53 163 407 533 649 857 1013 1154 1301 1371 1623 1776 1926 2093 2192 2403 
16  53 184 401 536 661 856 1015 1165 1314 1469 1626 1777 1937 2092 2247 2401 
16  53 185 399 538 697 875 1014 1146 1313 1470 1627 1781 1929 2087 2245 2402 
16  53 217 333 521 700 876 1016 1167 1228 1467 1574 1774 1938 2086 2249 2397 
16  53 227 394 537 662 767 1017 1163 1317 1447 1566 1782 1930 2088 2241 2406 
16  53 237 402 539 650 877 1001 1166 1320 1473 1621 1742 1914 2040 2242 2395 
16  53 242 408 540 660 822 1018 1168 1232 1471 1571 1778 1931 2020 2240 2398 
16  53 251 359 530 691 874 1019 1138 1270 1468 1625 1779 1934 2096 2251 2407 
16  54 163 409 541 666 805 998 1117 1315 1395 1624 1777 1931 2091 2246 2407 
16  54 186 402 527 689 836 1016 1161 1314 1472 1623 1780 1933 2095 2248 2402 
16  54 200 355 531 675 876 921 1131 1316 1470 1626 1782 1932 2085 2250 2408 
16  54 209 408 535 711 823 945 1137 1313 1473 1628 1776 1890 2088 2247 2335 
16  54 218 406 528 681 821 1006 1165 1317 1474 1590 1778 1935 2047 2242 2404 
16  54 220 410 504 690 869 1014 1167 1318 1475 1621 1783 1934 2089 2243 2405 
16  54 233 411 534 679 806 982 1151 1319 1471 1622 1781 1937 2094 2244 2399 
16  54 249 318 530 702 807 1018 1134 1320 1476 1627 1784 1930 2058 2249 2400 
16  55 164 399 523 647 877 1017 1165 1300 1472 1622 1783 1936 2091 2252 2398 
16  55 189 308 536 708 875 1016 1041 1078 1473 1586 1764 1939 2066 2246 2404 
16  55 192 387 527 712 878 1014 1111 1295 1407 1625 1777 1935 2093 2250 2409 
16  55 208 304 528 670 854 1018 1160 1315 1470 1628 1780 1937 2096 2253 2403 
16  55 214 403 522 713 838 997 1083 1316 1474 1624 1762 1933 2092 2243 2400 
16  55 226 400 542 707 879 971 1167 1317 1471 1611 1784 1932 2097 2248 2401 
16  55 233 349 537 686 880 1019 1166 1318 1417 1604 1785 1938 2090 2247 2402 
16  55 243 404 539 687 881 943 1164 1319 1453 1626 1786 1879 2087 2249 2405 
16  56 164 299 511 693 855 1016 1169 1315 1471 1626 1785 1934 2088 2254 2409 
16  56 190 400 538 678 870 1015 1119 1316 1472 1628 1779 1938 2065 2244 2410 
16  56 193 392 537 714 858 939 1170 1319 1473 1624 1778 1936 2096 2248 2408 
16  56 210 364 530 708 878 1017 1106 1304 1474 1623 1781 1932 2089 2255 2395 
16  56 217 404 532 648 848 977 1168 1317 1469 1595 1736 1933 2093 2251 2399 
16  56 223 406 518 712 814 1019 1171 1309 1347 1627 1782 1939 2091 2243 2403 
16  56 238 403 493 595 869 996 1172 1320 1477 1629 1773 1935 2097 2245 2411 
16  56 240 407 535 654 879 970 1095 1318 1476 1625 1712 1904 2098 2252 2404 
16  57 164 405 525 674 880 1020 1142 1319 1474 1627 1777 1940 2097 2251 2410 
16  57 191 303 537 704 842 1021 1168 1320 1475 1625 1780 1939 2092 2254 2412 
16  57 194 404 534 683 802 1019 1169 1321 1472 1629 1778 1929 2098 2253 2314 
16  57 205 351 517 702 878 1022 1170 1322 1469 1628 1782 1941 2099 2252 2332 
16  57 218 407 542 652 863 947 1171 1323 1473 1605 1751 1933 2089 2249 2406 
16  57 228 408 543 699 837 1017 1173 1318 1454 1624 1779 1942 2093 2256 2359 
16  57 241 409 536 658 881 991 1172 1324 1476 1630 1781 1936 2090 2250 2294 
16  57 245 393 538 615 815 1023 1166 1325 1424 1626 1748 1935 2094 2246 2400 
16  58 164 361 529 688 882 1019 1168 1322 1476 1600 1786 1935 2089 2248 2413 
16  58 195 400 544 673 781 1010 1169 1319 1475 1614 1782 1942 2090 2255 2404 
16  58 206 395 539 656 883 1020 1143 1318 1472 1631 1781 1939 2096 2257 2406 
16  58 209 305 532 651 846 1022 1123 1321 1474 1625 1783 1937 2100 2249 2402 
16  58 219 403 543 691 828 1005 1171 1314 1478 1628 1768 1936 2094 2254 2405 
16  58 231 326 526 692 839 1021 1170 1323 1477 1626 1784 1938 2091 2251 2414 
16  58 234 406 545 661 867 1023 1172 1326 1479 1632 1779 1940 2095 2252 2408 
16  58 242 409 486 710 862 954 1149 1325 1461 1627 1780 1941 2093 2247 2411 
16  59 164 410 520 715 884 978 1170 1321 1478 1631 1779 1943 2092 2255 2411 
16  59 196 366 531 704 877 1020 1169 1256 1476 1624 1694 1938 2094 2258 2403 
16  59 199 317 519 661 880 1021 1171 1322 1480 1629 1781 1912 2100 2175 2404 
16  59 203 396 535 639 883 1017 1133 1323 1475 1618 1785 1937 2095 2250 2407 
16  59 207 404 546 694 836 962 1173 1316 1460 1627 1783 1944 2096 2254 2414 
16  59 211 409 518 701 775 1022 1167 1326 1477 1633 1786 1942 2098 2257 2409 
16  59 252 412 538 659 793 1011 1124 1240 1474 1630 1782 1945 2101 2253 2412 
16  59 254 384 533 671 879 1024 1168 1324 1479 1552 1787 1941 2102 2256 2405 
16  60 164 397 540 680 885 1021 1172 1325 1481 1628 1747 1942 2101 2258 2401 
16  60 197 407 524 713 884 1020 1075 1322 1425 1630 1720 1944 2095 2256 2409 
16  60 212 328 532 676 780 1024 1169 1323 1478 1632 1786 1939 2097 2259 2415 
17  60 224 335 538 684 794 1000 1170 1324 1480 1633 1783 1946 2103 2199 2403 2495 
16  60 227 376 541 685 796 1023 1171 1327 1442 1631 1784 1937 2098 2260 2410 
16  60 232 356 539 706 871 1022 1173 1328 1475 1629 1787 1936 2048 2251 2416 
16  60 246 314 527 641 886 1025 1165 1321 1476 1634 1782 1940 2096 2261 2405 
16  60 249 389 543 677 810 950 1174 1326 1482 1635 1785 1941 2092 2253 2404 
16  61 164 411 547 709 849 1022 1174 1287 1458 1620 1784 1939 2102 2250 2330 
16  61 198 408 524 708 887 1021 1061 1302 1402 1631 1783 1916 2094 2253 2407 
16  61 213 339 533 676 831 1023 1175 1321 1475 1628 1753 1944 2103 2257 2413 
16  61 215 412 526 667 865 1025 1172 1322 1478 1633 1785 1947 2046 2260 2406 
16  61 222 319 531 678 860 1024 1173 1294 1477 1630 1788 1940 2099 2255 2417 
16  61 229 401 541 712 888 1026 1130 1323 1479 1629 1789 1942 2096 2262 2412 
16  61 237 413 542 644 886 959 1170 1326 1481 1636 1787 1945 2100 2254 2415 
16  61 247 372 528 706 832 1027 1063 1324 1456 1632 1790 1943 2056 2258 2409 
16  62 165 305 528 685 792 1025 1173 1323 1480 1635 1756 1945 2102 2186 2408 
16  62 190 411 539 705 817 1023 1176 1312 1457 1630 1785 1910 2097 2221 2414 
16  62 192 409 548 695 855 1027 1175 1318 1465 1629 1784 1940 2101 2259 2418 
16  62 213 373 484 702 888 1017 1174 1324 1478 1634 1788 1938 2098 2263 2416 
16  62 228 377 529 707 889 1026 1177 1321 1477 1632 1787 1946 2054 2260 2407 
16  62 244 386 540 716 808 958 1178 1310 1482 1631 1786 1936 2099 2256 2412 
16  62 248 413 544 657 884 996 1179 1315 1479 1633 1790 1939 2050 2251 2413 
16  62 251 348 526 711 810 1024 1145 1325 1483 1636 1789 1943 2095 2257 2410 
16  63 165 412 467 666 876 955 1171 1276 1477 1634 1789 1941 2103 2258 2415 
16  63 191 411 532 717 890 1025 1175 1324 1445 1631 1791 1942 2095 2264 2417 
16  63 193 329 529 718 860 1028 1174 1325 1479 1606 1758 1944 2097 2261 2406 
16  63 214 405 533 643 891 1026 1057 1326 1462 1630 1790 1938 2104 2259 2411 
16  63 220 413 536 719 813 1024 1176 1319 1480 1637 1792 1947 2098 2262 2418 
16  63 229 414 543 696 875 924 1127 1305 1481 1632 1788 1948 2102 2257 2414 
16  63 242 396 549 720 853 975 1169 1327 1483 1633 1787 1940 2105 2263 2412 
16  63 246 379 494 711 872 1027 1081 1322 1482 1638 1793 1945 2106 2250 2416 
16  64 165 315 546 665 798 1026 1175 1322 1481 1637 1794 1943 2068 2209 2419 
16  64 194 403 548 717 829 999 1159 1282 1479 1634 1785 1919 2032 2255 2410 
16  64 212 408 544 714 833 1027 1141 1328 1480 1636 1791 1941 2104 2260 2321 
16  64 217 312 541 716 861 1028 1176 1326 1483 1638 1788 1946 2063 2258 2413 
16  64 233 338 526 680 843 1029 1177 1327 1482 1609 1777 1944 2100 2252 2411 
16  64 236 406 547 718 830 1025 1179 1329 1484 1629 1786 1948 2061 2254 2362 
16  64 239 410 539 721 799 956 1178 1317 1485 1632 1789 1920 2098 2261 2417 
16  64 247 360 538 688 868 1030 1180 1330 1478 1635 1787 1893 2099 2257 2418 
16  65 165 407 545 664 881 940 1176 1327 1484 1636 1790 1942 2099 2253 2416 
16  65 195 414 527 669 889 948 1175 1329 1480 1639 1789 1949 2097 2252 2420 
16  65 208 335 534 720 882 1025 1177 1328 1481 1638 1792 1950 2107 2255 2421 
16  65 222 415 496 703 890 1020 1104 1289 1452 1633 1793 1941 2100 2259 2407 
16  65 225 410 537 722 887 1027 1179 1330 1483 1634 1794 1911 2102 2262 2422 
16  65 230 416 540 718 803 1029 1181 1299 1485 1635 1788 1943 2103 2159 2423 
16  65 235 365 536 648 891 1028 1070 1331 1482 1640 1791 1940 2051 2254 2419 
16  65 245 317 548 651 850 1026 1174 1332 1486 1622 1786 1945 2105 2258 2414 
16  66 165 323 550 662 844 995 1177 1329 1483 1640 1729 1951 2104 2256 2414 
16  66 197 410 549 723 834 951 1148 1331 1481 1635 1790 1946 2106 2252 2410 
16  66 199 398 541 691 873 1029 1178 1328 1484 1546 1718 1945 2108 2257 2419 
16  66 234 414 551 683 890 1028 1167 1327 1386 1634 1711 1943 2101 2265 2421 
16  66 237 308 548 646 891 992 1176 1330 1471 1633 1789 1944 2107 2264 2408 
16  66 241 313 533 714 889 1030 1055 1332 1474 1637 1793 1948 2109 2217 2409 
16  66 250 345 540 667 854 1016 1180 1333 1486 1636 1792 1949 2102 2259 2413 
16  66 255 390 538 711 883 1031 1099 1334 1485 1639 1791 1947 2100 2255 2422 
16  67 165 417 520 668 892 1012 1179 1328 1482 1639 1707 1946 2101 2261 2409 
16  67 198 314 548 694 870 1031 1156 1327 1487 1635 1792 1948 2070 2256 2415 
16  67 203 413 552 689 893 965 1147 1325 1484 1634 1791 1949 2105 2266 2408 
16  67 231 414 553 693 894 1030 1178 1331 1483 1641 1755 1947 2103 2253 2365 
16  67 238 303 540 681 895 1032 1175 1330 1437 1638 1790 1951 2100 2260 2424 
16  67 243 333 549 652 896 1033 1177 1326 1485 1637 1795 1952 2099 2264 2420 
16  67 253 368 541 655 882 1034 1144 1329 1486 1642 1793 1943 2110 2263 2418 
16  67 256 411 487 642 878 1035 1180 1332 1441 1613 1788 1950 2104 2262 2410 
16  68 165 418 554 675 824 1001 1180 1335 1485 1564 1793 1913 2105 2252 2421 
16  68 207 408 552 686 891 919 1158 1329 1487 1637 1788 1907 2101 2267 2422 
16  68 221 309 541 705 762 1022 1177 1330 1488 1602 1791 1948 2103 2259 2425 
16  68 232 414 555 640 856 1031 1181 1332 1476 1636 1794 1946 2107 2263 2411 
16  68 240 388 547 673 892 968 1178 1334 1486 1638 1795 1953 2104 2265 2408 
16  68 257 342 548 674 865 1030 1182 1328 1489 1643 1782 1949 2106 2262 2417 
16  68 258 358 542 677 852 1016 1183 1331 1484 1639 1796 1894 2109 2256 2418 
16  68 259 321 549 648 864 1029 1179 1333 1490 1641 1789 1950 2110 2260 2414 
16  69 166 337 534 706 893 1018 1178 1329 1488 1636 1796 1952 2084 2262 2423 
17  69 192 319 545 690 859 1031 1179 1225 1470 1637 1797 1945 2073 2265 2424 2484 
16  69 227 405 488 723 889 1004 1181 1333 1484 1640 1795 1947 2101 2268 2341 
16  69 230 395 542 715 866 1033 1180 1218 1487 1638 1791 1954 2108 2213 2412 
16  69 239 417 556 649 888 1007 1182 1331 1477 1642 1792 1951 2105 2264 2327 
16  69 250 357 464 694 894 985 1183 1300 1468 1617 1790 1941 2107 2261 2419 
16  69 252 347 544 709 840 973 1184 1332 1489 1615 1798 1953 2099 2259 2421 
16  69 256 419 543 671 895 1036 1185 1242 1486 1619 1752 1946 2109 2266 2415 
16  70 166 324 546 674 816 1032 1180 1331 1490 1624 1759 1948 2107 2265 2416 
16  70 193 417 551 680 896 1035 1123 1303 1486 1640 1794 1954 2038 2260 2343 
16  70 221 382 550 695 887 1033 1182 1333 1491 1575 1793 1953 2111 2258 2368 
16  70 228 412 499 713 811 1036 1181 1334 1450 1534 1775 1949 2108 2261 2418 
16  70 236 363 542 710 897 1037 1184 1335 1492 1626 1770 1947 2102 2263 2417 
16  70 243 415 544 658 801 1038 1185 1327 1488 1623 1797 1950 2106 2267 2419 
16  70 249 416 553 653 877 1004 1186 1336 1489 1637 1796 1951 2069 2266 2411 
16  70 254 418 557 672 835 1034 1176 1337 1478 1601 1795 1955 2103 2269 2353 
16  71 166 317 549 678 885 913 1181 1336 1487 1639 1772 1953 2079 2269 2413 
16  71 194 402 550 692 895 1034 1101 1331 1488 1643 1798 1954 2112 2261 2422 
16  71 229 415 520 724 883 1025 1182 1213 1490 1640 1796 1956 2108 2263 2415 
16  71 234 412 537 663 893 1032 1183 1333 1466 1603 1797 1955 2104 2264 2425 
16  71 238 344 542 721 898 1028 1185 1334 1489 1641 1792 1952 2111 2268 2416 
16  71 251 416 554 643 820 1033 1139 1324 1475 1642 1794 1947 2045 2265 2426 
16  71 257 307 481 699 894 1035 1168 1335 1491 1644 1795 1948 2110 2266 2423 
16  71 260 374 490 687 889 1009 1184 1337 1493 1638 1799 1957 2105 2262 2419 
16  72 166 420 547 689 791 933 1182 1323 1467 1641 1794 1927 2109 2267 2420 
16  72 195 412 558 716 896 1034 1152 1336 1490 1644 1792 1957 2106 2270 2424 
16  72 232 329 545 725 826 1015 1183 1334 1487 1640 1793 1950 2112 2266 2417 
16  72 233 415 511 719 895 1039 1184 1320 1491 1639 1800 1952 2104 2271 2426 
16  72 237 417 559 688 818 1032 1105 1337 1488 1645 1801 1949 2110 2268 2412 
16  72 248 327 543 700 847 1008 1186 1335 1493 1642 1797 1953 2107 2272 2422 
16  72 261 391 557 687 891 1035 1108 1338 1480 1643 1796 1958 2111 2265 2413 
16  72 262 416 560 683 897 1027 1140 1339 1426 1646 1795 1954 2105 2273 2415 
16  73 166 354 555 666 886 1035 1184 1334 1494 1642 1801 1955 2106 2273 2427 
16  73 198 415 556 650 898 1032 1186 1338 1492 1530 1794 1903 2112 2269 2418 
16  73 211 416 561 696 861 1021 1182 1335 1487 1645 1798 1952 2113 2270 2419 
16  73 244 410 552 682 897 1036 1129 1336 1491 1640 1797 1958 2114 2274 2416 
16  73 255 328 545 657 899 1038 1113 1311 1489 1567 1795 1956 2107 2275 2425 
16  73 258 349 533 642 868 1039 1173 1339 1392 1572 1799 1949 2111 2263 2389 
16  73 263 315 551 660 848 1040 1153 1340 1488 1625 1800 1951 2108 2272 2420 
16  73 264 362 550 712 793 1037 1185 1337 1490 1560 1802 1959 2082 2264 2421 
16  74 166 421 532 722 897 997 1150 1337 1489 1647 1800 1891 2112 2270 2428 
16  74 215 415 562 723 815 1035 1183 1336 1493 1641 1798 1959 2115 2275 2429 
16  74 240 417 485 699 899 1036 1155 1332 1483 1643 1760 1952 2116 2267 2424 
16  74 241 419 539 720 893 1037 1110 1338 1491 1642 1799 1954 2113 2268 2420 
16  74 253 318 545 707 900 1039 1185 1341 1492 1569 1796 1899 2114 2272 2427 
16  74 265 326 554 660 819 981 1186 1334 1490 1645 1803 1958 2117 2271 2423 
16  74 266 350 553 686 869 989 1165 1339 1494 1644 1797 1956 2109 2198 2417 
16  74 267 366 550 726 805 988 1181 1340 1495 1646 1801 1950 2118 2265 2373 
16  75 166 385 503 727 878 922 1187 1339 1464 1643 1802 1957 2108 2266 2425 
16  75 219 380 540 701 876 1036 1170 1338 1412 1641 1800 1953 2106 2264 2430 
16  75 235 417 561 677 874 1039 1077 1340 1493 1647 1803 1955 2049 2274 2421 
16  75 247 419 558 703 789 949 1186 1341 1472 1646 1754 1952 2110 2275 2428 
16  75 259 376 545 697 901 1037 1188 1321 1397 1644 1798 1951 2053 2267 2418 
16  75 268 310 533 670 871 1038 1109 1329 1491 1645 1804 1960 2112 2272 2424 
16  75 269 333 550 715 899 944 1189 1342 1403 1630 1797 1961 2113 2269 2423 
16  75 270 398 544 728 827 1040 1126 1343 1473 1648 1799 1956 2114 2270 2422 
16  76 167 413 550 679 796 1003 1118 1338 1493 1550 1763 1936 2108 2267 2426 
16  76 199 418 556 717 821 1033 1185 1307 1495 1643 1699 1956 2104 2273 2423 
16  76 235 420 553 656 898 1038 1187 1333 1496 1646 1798 1958 2116 2276 2427 
16  76 236 421 559 654 790 924 1186 1339 1497 1648 1804 1955 2113 2277 2429 
16  76 242 356 546 709 899 1039 1188 1343 1498 1645 1776 1954 2109 2278 2428 
16  76 244 419 560 668 857 932 1189 1340 1492 1644 1802 1953 2115 2271 2419 
16  76 253 422 555 701 901 1000 1190 1342 1499 1647 1746 1957 2111 2275 2420 
16  76 257 327 551 676 781 1041 1171 1341 1494 1649 1799 1932 2112 2274 2425 
16  77 167 423 561 661 831 1038 1188 1339 1495 1649 1800 1959 2110 2269 2422 
16  77 203 418 562 700 832 1040 1187 1338 1497 1644 1801 1960 2117 2274 2428 
16  77 239 414 563 708 900 1042 1189 1296 1493 1645 1805 1956 2042 2266 2430 
16  77 245 367 546 690 901 1041 1191 1340 1496 1648 1806 1961 2119 2268 2360 
16  77 251 382 559 686 890 972 1184 1342 1498 1646 1802 1951 2112 2279 2431 
16  77 255 340 547 663 805 977 1192 1341 1499 1650 1798 1962 2120 2271 2424 
16  77 259 400 564 667 812 1043 1190 1344 1492 1651 1767 1954 2116 2270 2421 
16  77 261 419 507 681 884 1044 1096 1343 1500 1652 1766 1955 2118 2267 2423 
16  78 167 312 549 669 900 1019 1187 1328 1498 1647 1799 1961 2115 2273 2424 
16  78 207 419 565 712 825 1031 1188 1266 1445 1648 1801 1957 2116 2272 2426 
16  78 231 418 566 707 845 966 1189 1343 1494 1646 1800 1962 2111 2277 2432 
16  78 246 355 559 715 902 1040 1178 1304 1479 1649 1765 1958 2109 2275 2421 
16  78 250 415 563 698 862 923 1190 1341 1496 1652 1802 1960 2113 2278 2433 
16  78 260 393 564 665 897 967 1191 1268 1488 1631 1803 1956 2118 2269 2427 
16  78 262 348 567 684 833 931 1147 1338 1486 1645 1806 1925 2114 2276 2425 
16  78 263 420 491 685 903 1013 1192 1342 1492 1653 1804 1959 2117 2268 2430 
16  79 167 383 557 699 902 1014 1189 1341 1435 1648 1803 1963 2121 2276 2420 
16  79 211 420 562 633 904 937 1188 1288 1494 1608 1802 1949 2114 2280 2423 
16  79 238 421 489 711 880 1040 1098 1342 1490 1612 1805 1962 2115 2278 2425 
16  79 247 394 551 719 863 1042 1187 1277 1492 1650 1806 1955 2111 2279 2433 
16  79 248 424 555 659 903 956 1191 1221 1495 1621 1807 1958 2113 2281 2424 
16  79 265 323 556 702 882 1041 1190 1345 1497 1653 1800 1964 2118 2227 2431 
16  79 271 324 545 704 905 969 1192 1343 1496 1647 1801 1965 2122 2269 2429 
16  79 272 357 552 695 876 1043 1193 1346 1493 1649 1804 1961 2120 2282 2427 
16  80 167 329 554 710 807 1030 1190 1343 1422 1650 1804 1918 2119 2274 2344 
16  80 216 419 568 629 886 1034 1187 1292 1495 1627 1803 1962 2114 2282 2429 
16  80 240 339 546 724 842 1042 1192 1344 1471 1649 1807 1957 2115 2276 2431 
16  80 243 420 569 662 901 1043 1194 1347 1497 1652 1805 1963 2110 2271 2432 
16  80 252 369 551 705 902 1044 1116 1342 1496 1651 1808 1964 2120 2273 2426 
16  80 264 316 524 700 855 1041 1050 1348 1485 1647 1809 1958 2121 2277 2430 
16  80 268 359 556 684 905 1045 1195 1346 1498 1648 1810 1959 2123 2280 2433 
16  80 273 421 563 677 904 1046 1191 1345 1423 1644 1811 1965 2116 2275 2378 
16  81 167 425 548 727 866 1043 1097 1345 1494 1654 1806 1923 2113 2272 2428 
16  81 220 381 556 630 881 1011 1191 1343 1499 1649 1802 1963 2117 2283 2426 
16  81 254 334 547 723 838 1044 1193 1344 1495 1616 1805 1900 2119 2277 2433 
16  81 256 341 551 721 904 1045 1114 1280 1463 1652 1785 1957 2121 2281 2427 
16  81 258 364 546 711 893 994 1194 1346 1500 1650 1801 1966 2114 2275 2430 
16  81 266 370 534 714 892 1042 1195 1347 1427 1651 1788 1960 2118 2268 2425 
16  81 269 399 474 681 902 1008 1192 1348 1498 1655 1811 1967 2124 2270 2432 
16  81 274 386 555 703 846 1046 1196 1349 1496 1629 1803 1959 2064 2279 2434 
16  82 167 426 570 671 848 1042 1194 1285 1481 1653 1808 1962 2116 2280 2434 
16  82 223 417 555 729 906 976 1192 1297 1497 1651 1806 1966 2121 2203 2435 
16  82 249 401 516 717 884 1043 1195 1348 1440 1650 1726 1931 2115 2281 2436 
16  82 267 351 558 693 881 923 1193 1345 1498 1656 1803 1968 2043 2284 2430 
16  82 270 421 564 639 826 1045 1180 1347 1494 1655 1780 1961 2117 2276 2392 
16  82 275 317 552 697 840 986 1196 1226 1499 1654 1805 1960 2122 2270 2431 
16  82 276 342 560 685 806 1046 1162 1337 1501 1640 1807 1963 2118 2272 2429 
16  82 277 345 565 700 864 1023 1197 1344 1500 1657 1804 1965 2062 2271 2437 
16  83 168 336 549 702 906 1047 1195 1344 1499 1652 1808 1967 2125 2274 2350 
16  83 200 420 570 708 907 953 1145 1345 1500 1649 1809 1926 2119 2273 2429 
16  83 245 424 560 692 852 1045 1187 1275 1502 1651 1804 1968 2081 2275 2431 
16  83 247 423 566 638 836 1046 1193 1347 1503 1653 1810 1966 2115 2283 2437 
16  83 250 322 502 705 892 1037 1154 1346 1497 1654 1807 1962 2124 2279 2436 
16  83 253 425 564 724 811 983 1111 1340 1501 1657 1805 1964 2121 2280 2417 
16  83 254 305 552 726 908 1039 1159 1348 1504 1656 1761 1963 2055 2285 2434 
16  83 264 397 559 728 870 1048 1117 1349 1505 1650 1811 1960 2123 2276 2426 
16  84 168 426 509 707 895 1045 1193 1271 1500 1654 1811 1963 2126 2278 2435 
16  84 204 422 554 689 802 1026 1197 1345 1502 1652 1807 1838 2120 2277 2434 
16  84 248 423 553 697 862 1047 1122 1346 1501 1651 1791 1965 2117 2284 2432 
16  84 255 309 557 694 874 1020 1115 1344 1503 1655 1806 1960 2127 2273 2430 
16  84 256 392 559 713 856 1046 1194 1348 1499 1657 1812 1902 2052 2282 2428 
16  84 260 352 560 652 887 1040 1195 1312 1504 1653 1809 1961 2124 2286 2438 
16  84 267 343 567 725 837 886 1196 1347 1505 1658 1808 1930 2119 2281 2439 
16  84 268 396 565 716 849 1041 1119 1349 1506 1656 1805 1966 2125 2287 2427 
16  85 168 427 561 664 809 999 1194 1349 1501 1655 1809 1909 2120 2281 2431 
16  85 208 413 563 729 828 1045 1196 1348 1503 1659 1807 1964 2125 2271 2438 
16  85 246 422 562 721 822 990 1193 1350 1504 1651 1812 1939 2122 2276 2436 
16  85 251 424 565 673 804 1047 1153 1302 1505 1653 1806 1963 2128 2277 2440 
16  85 252 425 567 687 839 1048 1188 1293 1491 1656 1810 1961 2118 2204 2432 
16  85 258 406 553 730 808 1049 1197 1351 1444 1654 1808 1968 2075 2282 2433 
16  85 265 428 471 672 865 1036 1198 1346 1502 1657 1811 1969 2119 2283 2441 
16  85 270 368 531 699 903 992 1199 1352 1500 1658 1813 1962 2123 2274 2442 
16  86 168 429 547 731 841 963 1172 1350 1502 1656 1813 1964 2116 2279 2428 
16  86 212 416 564 679 888 1047 1183 1351 1503 1658 1809 1969 2122 2278 2434 
16  86 257 372 567 720 873 984 1194 1352 1482 1588 1807 1965 2121 2283 2433 
16  86 261 363 538 722 906 1048 1196 1353 1504 1591 1814 1968 2117 2277 2437 
16  86 263 380 571 717 797 1049 1199 1349 1507 1600 1810 1967 2041 2284 2429 
16  86 266 422 525 719 831 1050 1087 1354 1501 1654 1815 1970 2119 2285 2438 
16  86 271 404 559 727 844 948 1198 1355 1508 1555 1808 1966 2124 2288 2440 
16  86 273 337 552 703 898 1051 1200 1356 1506 1655 1812 1908 2123 2286 2435 
16  87 168 319 558 682 883 1049 1198 1331 1503 1660 1812 1965 2086 2277 2439 
16  87 217 375 557 720 908 1006 1166 1349 1502 1658 1814 1970 2124 2280 2435 
16  87 249 422 568 669 907 954 1199 1330 1505 1655 1774 1964 2126 2283 2443 
16  87 259 344 556 713 903 1050 1106 1310 1504 1628 1808 1969 2127 2279 2429 
16  87 262 361 569 659 796 1018 1112 1211 1501 1650 1771 1967 2122 2282 2437 
16  87 272 349 544 725 844 1051 1197 1350 1509 1659 1778 1971 2121 2200 2431 
16  87 274 421 572 675 867 1052 1200 1278 1507 1583 1809 1946 2125 2285 2432 
16  87 278 423 495 704 855 968 1201 1351 1492 1656 1815 1972 2120 2286 2399 
16  88 168 346 573 706 904 981 1197 1352 1487 1661 1810 1970 2083 2286 2430 
16  88 221 422 566 690 885 1024 1157 1353 1506 1524 1809 1965 2127 2201 2440 
16  88 269 414 557 709 829 1048 1198 1347 1501 1659 1813 1972 2126 2287 2433 
16  88 275 338 571 713 846 1051 1201 1339 1489 1642 1811 1966 2128 2280 2436 
16  88 279 323 542 698 861 914 1199 1350 1503 1662 1814 1917 2120 2285 2441 
16  88 280 419 572 718 801 1050 1135 1351 1502 1660 1816 1967 2123 2281 2443 
16  88 281 371 564 704 896 1049 1200 1354 1504 1663 1817 1971 2071 2206 2442 
16  88 282 328 567 723 880 1052 1202 1355 1455 1657 1815 1929 2122 2279 2435 
16  89 168 430 574 712 815 1050 1200 1283 1416 1635 1814 1966 2122 2284 2444 
16  89 224 423 571 714 899 993 1197 1353 1505 1660 1813 1973 2124 2285 2445 
16  89 276 350 540 724 859 964 1198 1291 1507 1656 1816 1970 2127 2278 2436 
16  89 283 329 552 691 845 1041 1199 1351 1508 1657 1817 1974 2128 2289 2438 
16  89 284 385 557 721 787 1017 1201 1352 1506 1662 1818 1967 2129 2290 2434 
16  89 285 340 567 728 843 1022 1185 1350 1510 1661 1781 1968 2125 2280 2440 
16  89 286 321 514 715 894 1049 1202 1356 1502 1659 1819 1975 2130 2288 2432 
16  89 287 431 506 719 850 1037 1203 1355 1509 1658 1810 1972 2131 2282 2441 
16  90 169 402 563 680 850 1047 1124 1350 1498 1657 1816 1901 2126 2286 2439 
16  90 201 424 558 722 879 931 1199 1327 1506 1659 1811 1970 2131 2291 2444 
16  90 246 426 569 714 908 961 1088 1345 1431 1661 1815 1971 2067 2281 2441 
16  90 253 427 512 710 909 1044 1127 1352 1505 1663 1812 1968 2127 2287 2432 
16  90 255 373 566 732 876 938 1198 1354 1509 1662 1819 1950 2123 2284 2445 
16  90 269 428 575 725 803 1050 1164 1353 1497 1633 1751 1974 2125 2278 2442 
16  90 271 359 553 733 795 1051 1191 1313 1507 1636 1813 1969 2129 2289 2437 
16  90 276 347 466 699 907 1052 1169 1317 1508 1660 1810 1975 2132 2290 2384 
16  91 169 353 572 701 869 1051 1202 1323 1505 1661 1814 1972 2132 2291 2434 
16  91 205 418 573 716 907 1053 1120 1353 1452 1658 1812 1944 2128 2284 2446 
16  91 247 426 576 723 823 1054 1107 1309 1506 1660 1817 1968 2130 2292 2436 
16  91 249 425 577 732 872 1012 1189 1284 1507 1659 1815 1973 2133 2282 2439 
16  91 251 429 578 665 886 1052 1201 1341 1509 1663 1816 1969 2124 2293 2444 
16  91 256 427 579 708 885 1055 1098 1281 1484 1662 1813 1970 2125 2288 2443 
16  91 263 428 580 693 802 1017 1195 1354 1510 1664 1797 1975 2126 2289 2447 
16  91 279 329 515 722 908 1029 1200 1352 1511 1665 1819 1976 2134 2294 2440 
16  92 169 377 562 678 881 957 1201 1354 1439 1658 1820 1973 2127 2288 2437 
16  92 209 423 573 729 909 988 1148 1355 1506 1664 1814 1969 2133 2281 2442 
16  92 250 426 568 696 905 1035 1179 1353 1507 1662 1821 1972 2134 2293 2438 
16  92 257 424 574 718 900 959 1126 1356 1508 1661 1813 1915 2135 2282 2436 
16  92 265 403 564 733 816 1053 1202 1357 1509 1660 1793 1970 2126 2294 2448 
16  92 268 314 575 690 818 980 1176 1351 1461 1663 1818 1975 2131 2284 2435 
16  92 274 427 581 695 833 1054 1203 1358 1510 1665 1815 1967 2128 2283 2444 
16  92 275 429 510 715 907 1055 1204 1276 1511 1666 1817 1934 2123 2285 2439 
16  93 169 430 528 727 837 1053 1203 1356 1507 1663 1822 1938 2136 2290 2443 
16  93 213 322 555 715 909 1054 1205 1348 1508 1667 1816 1971 2129 2291 2445 
16  93 252 407 566 679 910 1055 1144 1355 1510 1660 1818 1974 2134 2286 2446 
16  93 259 427 527 734 835 1056 1200 1357 1451 1661 1820 1975 2133 2292 2438 
16  93 260 428 547 735 810 1052 1204 1358 1512 1662 1823 1922 2127 2294 2449 
17  93 266 356 558 736 911 987 1206 1359 1509 1632 1814 1973 2128 2287 2447 2499 
16  93 277 431 554 698 912 992 1207 1253 1511 1563 1812 1935 2126 2288 2444 
16  93 280 324 576 691 907 1057 1208 1360 1428 1664 1815 1976 2131 2293 2437 
16  94 169 395 560 730 880 935 1116 1357 1508 1664 1818 1977 2130 2283 2449 
16  94 218 429 570 734 877 964 1203 1354 1512 1667 1821 1974 2132 2287 2435 
16  94 254 376 565 733 843 1054 1201 1355 1511 1668 1822 1948 2135 2295 2438 
16  94 261 339 566 737 911 1007 1121 1352 1513 1669 1802 1969 2094 2285 2436 
16  94 267 378 561 709 910 1028 1204 1356 1413 1653 1816 1973 2131 2289 2442 
16  94 272 431 573 738 817 977 1190 1358 1507 1666 1819 1921 2137 2291 2447 
16  94 281 408 574 736 851 979 1205 1311 1510 1645 1820 1972 2136 2294 2439 
16  94 283 428 581 713 853 1042 1206 1360 1514 1663 1824 1978 2129 2208 2440 
16  95 169 432 513 704 871 1036 1204 1355 1513 1665 1717 1865 2129 2287 2448 
16  95 222 318 571 735 866 1032 1203 1350 1508 1666 1820 1976 2138 2296 2442 
16  95 258 429 582 728 812 1053 1205 1358 1514 1637 1818 1979 2076 2288 2438 
16  95 262 384 573 724 788 1056 1171 1342 1509 1667 1786 1977 2134 2289 2439 
16  95 273 394 565 739 909 1033 1206 1357 1510 1669 1817 1980 2131 2290 2388 
16  95 282 367 558 740 902 975 1161 1360 1511 1670 1821 1971 2130 2286 2443 
16  95 284 379 566 741 901 965 1181 1359 1512 1664 1825 1972 2135 2218 2444 
16  95 288 417 568 742 820 998 1207 1346 1515 1663 1819 1973 2132 2292 2449 
16  96 169 433 583 720 847 1043 1205 1270 1511 1669 1823 1974 2133 2293 2441 
16  96 225 428 582 694 806 1056 1207 1359 1513 1666 1821 1980 2136 2225 2437 
16  96 264 326 571 716 877 1057 1204 1357 1499 1668 1819 1971 2139 2297 2444 
16  96 270 341 577 706 905 1044 1206 1361 1512 1665 1800 1975 2137 2237 2443 
16  96 278 431 518 702 789 1058 1208 1362 1514 1667 1817 1973 2135 2294 2446 
16  96 285 424 535 731 885 1003 1209 1360 1515 1671 1818 1981 2138 2212 2364 
16  96 289 348 561 675 894 951 1210 1363 1516 1634 1822 1976 2128 2291 2435 
16  96 290 358 578 697 910 983 1211 1358 1517 1664 1789 1978 2132 2295 2445 
16  97 170 430 517 667 800 1048 1205 1332 1512 1527 1817 1976 2139 2295 2447 
16  97 202 432 554 729 841 1057 1202 1358 1496 1667 1820 1980 2092 2298 2440 
16  97 249 433 584 737 857 1010 1170 1356 1514 1665 1799 1971 2132 2296 2450 
16  97 252 386 570 739 799 995 1191 1359 1515 1668 1823 1975 2140 2291 2442 
16  97 255 434 572 692 821 1056 1203 1360 1517 1669 1794 1979 2135 2207 2448 
16  97 257 435 478 726 911 1058 1146 1357 1458 1666 1822 1974 2129 2222 2451 
16  97 281 312 576 672 881 1040 1206 1364 1513 1670 1818 1982 2133 2239 2444 
16  97 284 436 508 730 890 961 1204 1361 1516 1671 1821 1978 2141 2288 2446 
16  98 170 335 561 689 911 971 1196 1360 1518 1665 1820 1940 2140 2290 2441 
16  98 206 432 569 717 889 1015 1205 1359 1517 1670 1819 1977 2131 2296 2446 
16  98 250 433 579 682 863 1056 1208 1361 1380 1643 1822 1981 2087 2287 2440 
16  98 258 435 519 713 906 982 1207 1362 1512 1668 1826 1982 2130 2265 2445 
16  98 261 434 575 740 823 1057 1163 1298 1514 1666 1823 1983 2134 2226 2363 
16  98 276 436 562 731 896 1006 1174 1363 1513 1667 1824 1979 2095 2292 2443 
16  98 278 352 570 732 833 981 1209 1344 1516 1669 1783 1984 2129 2240 2447 
16  98 279 437 565 727 824 1058 1210 1320 1515 1672 1821 1985 2133 2289 2448 
16  99 170 387 563 716 912 1009 1208 1354 1513 1671 1787 1977 2137 2298 2379 
16  99 210 431 550 740 875 973 1209 1357 1517 1665 1824 1947 2136 2289 2452 
16  99 253 432 497 711 913 1058 1207 1314 1516 1656 1823 1979 2138 2290 2450 
16  99 259 424 585 743 829 978 1210 1336 1514 1668 1825 1974 2141 2250 2447 
16  99 263 405 586 700 836 1059 1211 1279 1515 1666 1826 1963 2135 2232 2441 
16  99 275 391 576 741 888 1038 1212 1361 1518 1667 1827 1945 2139 2296 2448 
16  99 283 433 492 744 914 1002 1213 1349 1519 1670 1820 1937 2134 2291 2449 
16  99 288 334 570 725 894 970 1214 1362 1520 1647 1792 1978 2133 2297 2451 
16  100 170 398 568 722 913 1059 1175 1359 1430 1672 1822 1978 2130 2299 2452 
16  100 214 431 580 664 834 1060 1140 1361 1503 1668 1828 1976 2132 2298 2451 
16  100 254 432 578 745 839 1050 1160 1362 1515 1669 1824 1983 2137 2300 2453 
16  100 260 360 562 741 878 1058 1211 1315 1519 1671 1819 1980 2140 2234 2454 
16  100 265 433 587 746 870 958 1192 1319 1516 1673 1796 1977 2135 2292 2445 
16  100 273 434 521 747 903 1061 1184 1363 1518 1670 1825 1981 2136 2293 2450 
16  100 285 409 570 748 914 974 1206 1329 1517 1674 1826 1985 2139 2230 2455 
16  100 291 327 571 730 842 1031 1125 1364 1514 1675 1827 1984 2142 2241 2456 
16  101 170 438 577 686 814 1060 1177 1362 1516 1670 1827 1980 2143 2301 2455 
16  101 226 432 574 703 848 927 1208 1363 1519 1668 1821 1984 2144 2299 2457 
16  101 256 388 582 738 883 1059 1210 1361 1517 1673 1820 1982 2142 2293 2376 
16  101 262 365 576 702 913 1061 1155 1335 1520 1669 1828 1985 2140 2220 2337 
16  101 264 434 581 742 822 1062 1209 1364 1468 1672 1826 1976 2137 2290 2446 
16  101 271 433 588 709 811 1053 1207 1365 1421 1671 1824 1986 2139 2302 2451 
16  101 277 435 585 705 867 1063 1211 1366 1518 1674 1823 1977 2145 2297 2452 
16  101 286 413 580 739 868 1064 1138 1308 1432 1675 1803 1978 2134 2292 2448 
16  102 170 439 583 733 852 1052 1210 1364 1460 1674 1824 1981 2144 2296 2445 
16  102 227 427 571 737 915 936 1208 1366 1517 1641 1825 1980 2121 2300 2449 
16  102 266 434 586 749 825 1047 1212 1362 1519 1639 1822 1977 2138 2302 2456 
16  102 268 435 543 744 916 1059 1209 1257 1453 1675 1828 1979 2090 2295 2453 
16  102 272 342 576 721 858 1060 1211 1363 1500 1561 1829 1983 2141 2294 2458 
16  102 282 411 574 748 908 966 1207 1367 1518 1672 1830 1987 2142 2298 2447 
16  102 287 400 578 727 819 1046 1214 1365 1521 1673 1823 1984 2109 2301 2446 
16  102 289 354 530 728 862 1023 1213 1368 1495 1562 1826 1978 2136 2303 2454 
16  103 170 440 589 701 902 1049 1134 1363 1520 1577 1724 1982 2138 2300 2448 
16  103 230 434 573 750 873 1063 1142 1365 1522 1675 1829 1980 2130 2296 2457 
16  103 267 397 569 719 846 1001 1209 1366 1407 1673 1827 1983 2140 2298 2450 
16  103 269 436 574 746 864 997 1210 1322 1521 1676 1826 1986 2072 2295 2449 
16  103 290 437 520 708 899 1060 1212 1364 1523 1671 1825 1979 2146 2297 2459 
16  103 292 344 560 739 816 1059 1213 1367 1524 1654 1824 1933 2141 2301 2456 
16  103 293 363 576 694 915 1064 1215 1368 1443 1649 1830 1981 2137 2299 2451 
16  103 294 329 584 734 854 1061 1168 1361 1515 1674 1831 1984 2143 2302 2454 
16  104 171 316 567 735 863 955 1211 1364 1520 1673 1830 1986 2088 2303 2453 
16  104 199 429 563 726 860 1018 1212 1365 1524 1672 1828 1981 2143 2292 2458 
16  104 256 325 526 730 912 1060 1213 1366 1521 1677 1806 1985 2138 2299 2447 
16  104 259 438 573 748 857 1014 1214 1368 1519 1676 1831 1979 2145 2293 2460 
16  104 265 430 586 751 874 991 1151 1367 1522 1671 1827 1982 2144 2304 2449 
16  104 276 393 572 744 910 1063 1128 1369 1523 1655 1826 1983 2142 2301 2451 
16  104 281 439 496 707 916 1062 1215 1362 1518 1678 1829 1953 2146 2228 2454 
16  104 289 437 568 752 832 1064 1216 1282 1454 1669 1832 1987 2139 2294 2456 
16  105 171 436 580 696 882 1024 1161 1365 1518 1648 1831 1982 2137 2305 2455 
16  105 203 430 575 743 887 1059 1212 1366 1520 1676 1829 1984 2085 2306 2461 
16  105 257 438 578 710 895 1057 1197 1316 1522 1672 1825 1986 2138 2307 2454 
16  105 262 439 579 747 884 1064 1123 1369 1519 1673 1833 1988 2091 2233 2452 
16  105 267 441 582 752 888 1019 1137 1367 1521 1674 1828 1989 2146 2300 2457 
16  105 279 370 588 729 901 1020 1214 1370 1523 1675 1832 1981 2140 2303 2449 
16  105 285 320 572 753 813 1062 1198 1371 1506 1651 1827 1987 2136 2295 2458 
16  105 295 357 571 736 872 940 1213 1292 1525 1679 1830 1990 2143 2304 2448 
16  106 171 332 523 732 870 1059 1208 1368 1521 1678 1790 1983 2139 2304 2459 
16  106 207 389 569 692 866 1062 1172 1365 1516 1674 1825 1988 2142 2299 2453 
16  106 253 430 544 750 916 1064 1213 1370 1526 1582 1831 1986 2147 2297 2458 
16  106 261 438 473 704 917 1055 1159 1366 1523 1679 1811 1982 2141 2292 2457 
16  106 268 440 582 754 850 1065 1214 1364 1522 1677 1833 1987 2099 2302 2450 
16  106 277 439 584 723 828 1066 1182 1367 1520 1609 1832 1990 2148 2295 2455 
16  106 284 323 581 745 918 1025 1215 1369 1524 1675 1834 1985 2144 2278 2460 
16  106 290 319 588 683 898 1067 1216 1372 1518 1610 1828 1984 2149 2307 2462 
16  107 171 432 589 755 791 1045 1149 1369 1522 1674 1832 1991 2141 2260 2461 
16  107 211 435 587 734 872 1062 1214 1372 1526 1652 1834 1983 2148 2296 2456 
16  107 250 343 572 721 909 1005 1215 1370 1483 1672 1833 1989 2101 2304 2453 
16  107 266 418 582 756 916 1060 1188 1368 1438 1679 1835 1988 2135 2305 2462 
16  107 270 361 575 741 838 1064 1217 1367 1523 1677 1836 1992 2143 2307 2460 
16  107 283 438 590 731 915 1000 1008 1371 1521 1675 1837 1990 2147 2298 2369 
16  107 291 382 588 751 893 1013 1201 1353 1519 1678 1830 1985 2150 2297 2450 
16  107 292 439 591 712 807 986 1216 1373 1509 1676 1827 1993 2151 2299 2459 
16  108 171 442 583 724 835 996 1212 1367 1525 1680 1833 1942 2140 2299 2462 
16  108 215 438 592 749 806 1064 1218 1372 1467 1678 1835 1989 2144 2303 2461 
16  108 252 437 581 743 908 1032 1143 1368 1522 1673 1828 1990 2150 2216 2463 
16  108 263 409 584 756 906 1068 1215 1373 1526 1677 1837 1991 2142 2243 2452 
17  108 269 374 579 751 877 1066 1219 1370 1524 1679 1829 1987 2145 2300 2357 2391 
16  108 272 390 587 718 892 962 1093 1369 1527 1676 1830 1992 2112 2302 2455 
16  108 286 331 591 706 890 1065 1217 1360 1528 1681 1832 1985 2146 2298 2453 
16  108 296 423 505 722 912 1067 1220 1371 1529 1682 1795 1986 2141 2242 2450 
16  109 171 443 553 738 914 1065 1216 1370 1480 1682 1834 1988 2143 2306 2451 
16  109 219 437 577 753 856 1047 1202 1372 1525 1676 1836 1991 2147 2300 2454 
16  109 254 440 585 757 904 991 1217 1371 1524 1658 1723 1989 2142 2305 2459 
16  109 255 441 590 651 864 1054 1218 1365 1526 1679 1832 1992 2149 2308 2464 
16  109 275 444 579 739 859 990 1220 1373 1513 1680 1831 1990 2144 2307 2453 
16  109 278 407 529 728 913 1066 1221 1374 1448 1677 1835 1986 2146 2301 2463 
16  109 287 355 575 720 917 1067 1141 1375 1459 1678 1833 1968 2145 2309 2455 
16  109 293 445 591 716 851 1036 1222 1369 1529 1683 1808 1987 2148 2303 2370 
16  110 171 346 593 714 849 985 1217 1326 1526 1676 1835 1969 2152 2309 2457 
16  110 223 376 579 758 860 980 1216 1371 1520 1677 1838 1994 2150 2283 2454 
16  110 258 431 590 759 918 1051 1219 1337 1525 1678 1831 1988 2148 2301 2465 
16  110 260 437 594 760 836 1021 1220 1369 1528 1679 1837 1989 2151 2306 2458 
16  110 271 440 592 721 917 1031 1221 1373 1419 1681 1834 1992 2147 2231 2352 
16  110 294 421 548 736 916 963 1218 1303 1527 1680 1836 1987 2153 2310 2452 
16  110 297 412 578 756 919 1065 1154 1372 1524 1683 1839 1990 2154 2297 2464 
16  110 298 434 591 761 845 1066 1223 1324 1464 1660 1833 1991 2080 2305 2460 
16  111 172 325 500 728 897 1026 1194 1370 1525 1681 1839 1993 2144 2302 2396 
16  111 200 339 587 727 875 1065 1218 1371 1530 1684 1829 1991 2151 2304 2462 
16  111 255 442 594 745 919 1003 1195 1373 1434 1682 1813 1994 2145 2301 2407 
16  111 262 440 595 762 840 1030 1219 1374 1526 1683 1836 1995 2150 2311 2453 
16  111 266 436 596 758 917 998 1217 1372 1511 1659 1837 1996 2153 2308 2463 
16  111 290 426 591 735 920 1010 1220 1375 1524 1685 1835 1992 2096 2310 2454 
16  111 296 353 593 717 900 1066 1222 1376 1527 1686 1831 1989 2149 2312 2456 
16  111 297 444 555 733 832 1058 1223 1377 1528 1687 1834 1952 2152 2210 2452 
16  112 172 443 568 749 804 1038 1219 1371 1527 1685 1833 1996 2146 2307 2412 
16  112 204 441 573 755 916 1039 1220 1374 1530 1681 1840 1994 2143 2251 2456 
16  112 257 442 569 757 834 1068 1222 1375 1528 1684 1836 1990 2155 2302 2457 
16  112 264 444 584 711 824 1067 1162 1359 1531 1663 1829 1988 2147 2303 2459 
16  112 269 445 593 754 852 1069 1223 1261 1525 1682 1784 1992 2150 2313 2458 
16  112 283 446 595 763 844 1070 1221 1376 1529 1679 1838 1991 2152 2310 2455 
16  112 298 351 400 730 909 1063 1224 1373 1486 1686 1832 1995 2077 2300 2462 
16  112 299 447 539 735 918 1061 1225 1377 1532 1680 1812 1989 2145 2308 2466 
16  113 172 430 551 759 879 1068 1221 1377 1436 1682 1840 1995 2149 2235 2459 
16  113 208 442 597 715 913 1067 1219 1376 1530 1614 1834 1993 2153 2305 2458 
16  113 259 362 580 761 918 1005 1196 1373 1527 1684 1835 1997 2150 2306 2464 
16  113 267 444 598 731 858 1069 1222 1333 1532 1570 1838 1996 2151 2309 2460 
16  113 271 445 596 741 821 1023 1092 1306 1528 1680 1839 1988 2117 2304 2456 
16  113 282 381 587 710 920 1070 1224 1374 1502 1687 1837 1998 2145 2303 2457 
16  113 291 437 599 764 891 1066 1190 1378 1529 1681 1841 1999 2154 2229 2452 
16  113 300 446 589 737 818 1022 1211 1375 1525 1683 1842 1994 2078 2307 2463 
16  114 172 375 578 740 920 1067 1215 1378 1476 1680 1838 1997 2148 2311 2461 
16  114 212 436 585 760 855 1069 1100 1272 1529 1684 1834 1994 2146 2312 2465 
16  114 258 442 586 765 783 1070 1223 1305 1531 1681 1835 1995 2151 2308 2467 
16  114 268 444 600 766 921 960 1144 1374 1533 1682 1839 1991 2153 2314 2466 
16  114 280 387 581 755 795 1071 1221 1375 1532 1686 1837 1993 2154 2304 2468 
16  114 285 401 592 738 828 1072 1088 1290 1528 1646 1840 1996 2156 2305 2464 
16  114 292 365 593 726 847 1068 1224 1330 1512 1683 1841 2000 2147 2238 2460 
16  114 301 446 588 707 922 1056 1222 1377 1530 1685 1843 1998 2157 2306 2469 
16  115 172 448 583 767 860 1069 1178 1374 1503 1686 1841 2001 2152 2305 2467 
16  115 216 435 597 747 919 1068 1223 1378 1481 1685 1815 2002 2156 2309 2409 
16  115 260 444 574 768 869 1070 1218 1375 1534 1688 1840 1997 2157 2312 2470 
16  115 261 445 601 729 830 1002 1221 1328 1530 1687 1836 1996 2158 2263 2461 
16  115 270 328 586 769 898 1071 1152 1376 1535 1675 1839 1994 2148 2306 2459 
16  115 274 440 599 770 857 1072 1183 1379 1531 1559 1838 1993 2155 2291 2367 
16  115 286 446 546 732 921 1073 1224 1339 1446 1684 1831 1992 2059 2311 2468 
16  115 288 441 602 761 809 987 1169 1368 1517 1683 1837 1999 2159 2302 2465 
16  116 172 383 577 725 878 1007 1222 1379 1504 1687 1842 1999 2150 2308 2462 
16  116 220 432 592 767 899 1071 1224 1377 1529 1688 1836 2002 2159 2313 2463 
16  116 263 441 596 771 922 1027 1185 1376 1531 1682 1841 1997 2156 2307 2468 
16  116 276 446 594 742 862 1072 1101 1378 1532 1689 1839 1995 2147 2312 2420 
16  116 293 389 587 765 887 1073 1132 1321 1534 1661 1838 2000 2149 2315 2465 
16  116 295 412 585 750 921 989 1225 1380 1535 1681 1843 1928 2113 2309 2461 
16  116 302 403 599 720 912 1074 1226 1381 1530 1686 1809 2003 2148 2310 2457 
16  116 303 427 598 754 914 1075 1150 1382 1533 1657 1840 1993 2152 2311 2469 
16  117 172 408 572 772 906 1072 1225 1376 1533 1573 1844 1998 2151 2313 2465 
16  117 224 441 600 762 905 1048 1226 1372 1532 1684 1842 2000 2152 2316 2470 
16  117 265 446 501 703 817 1055 1220 1379 1534 1690 1841 1996 2159 2314 2471 
16  117 277 330 575 724 922 956 1227 1301 1535 1686 1840 1999 2153 2317 2472 
16  117 278 367 592 764 886 1069 1228 1380 1531 1685 1839 2003 2149 2318 2473 
16  117 294 447 580 768 892 1071 1229 1378 1508 1687 1843 2001 2160 2262 2460 
16  117 304 422 591 748 923 1073 1230 1377 1477 1689 1845 1994 2154 2309 2462 
16  117 305 405 597 730 900 1011 1231 1381 1536 1688 1846 2004 2155 2306 2466 
16  118 173 448 595 743 819 972 1174 1378 1531 1684 1840 1998 2089 2314 2474 
16  118 201 443 468 723 871 1071 1225 1381 1501 1689 1841 2005 2149 2311 2470 
16  118 260 449 556 740 843 854 1226 1370 1465 1687 1844 1995 2153 2309 2464 
16  118 264 450 589 744 917 1073 1179 1379 1532 1685 1846 1997 2158 2313 2467 
16  118 272 445 536 752 922 1074 1228 1382 1534 1576 1842 2001 2151 2319 2466 
16  118 275 451 592 746 920 1063 1173 1383 1533 1690 1801 1999 2155 2312 2468 
16  118 284 425 586 772 895 1075 1227 1286 1536 1667 1843 1996 2154 2245 2473 
16  118 292 404 599 736 820 1076 1203 1377 1535 1691 1847 2004 2156 2315 2471 
16  119 173 369 582 764 903 1073 1186 1381 1535 1668 1842 1954 2159 2312 2464 
16  119 205 443 594 766 826 1074 1200 1379 1536 1691 1798 1998 2152 2317 2461 
16  119 262 447 590 773 815 1028 1226 1380 1523 1618 1845 1993 2156 2313 2381 
16  119 265 410 577 758 924 1072 1224 1244 1537 1692 1843 1957 2158 2310 2466 
16  119 269 449 498 761 867 1057 1216 1382 1531 1688 1847 1956 2128 2316 2472 
16  119 287 343 581 717 911 1075 1225 1268 1534 1687 1846 2002 2161 2318 2474 
16  119 300 389 583 739 831 982 1115 1383 1473 1693 1821 1995 2154 2314 2469 
16  119 301 372 584 741 923 1034 1209 1384 1533 1694 1779 1997 2160 2308 2471 
16  120 173 438 593 769 879 1075 1226 1350 1537 1688 1848 1999 2119 2315 2467 
16  120 209 443 587 770 910 1029 1223 1380 1533 1692 1805 2001 2154 2316 2463 
16  120 263 449 601 753 921 1037 1217 1379 1538 1689 1849 2000 2157 2259 2473 
16  120 267 406 583 742 920 1074 1225 1384 1463 1695 1845 2004 2103 2320 2464 
16  120 278 450 602 750 868 1076 1187 1352 1440 1690 1842 1951 2153 2311 2474 
16  120 280 452 579 763 923 1077 1227 1334 1457 1691 1844 2002 2155 2314 2470 
16  120 297 394 588 757 912 1078 1228 1383 1535 1694 1846 2005 2162 2321 2465 
16  120 299 373 574 762 924 1079 1229 1381 1539 1693 1847 1998 2161 2319 2468 
16  121 173 415 597 701 925 1074 1208 1383 1538 1592 1843 1997 2161 2316 2475 
16  121 213 446 603 718 863 1076 1124 1381 1537 1670 1844 2000 2154 2308 2461 
16  121 270 447 598 746 926 984 1228 1385 1536 1689 1847 2002 2125 2320 2467 
16  121 271 449 522 726 885 1078 1227 1380 1534 1693 1804 2004 2158 2311 2476 
16  121 279 450 600 749 927 967 1164 1382 1539 1677 1845 1999 2100 2280 2471 
16  121 293 354 554 714 928 953 1219 1384 1540 1688 1842 1998 2156 2310 2473 
16  121 296 379 585 752 915 1077 1229 1386 1541 1690 1822 2003 2098 2315 2463 
16  121 304 350 581 759 929 1079 1231 1387 1469 1691 1814 2001 2157 2313 2464 
16  122 173 396 596 751 926 1076 1157 1382 1540 1692 1846 2006 2118 2317 2470 
16  122 217 444 603 774 839 1074 1227 1318 1526 1689 1848 1974 2156 2318 2465 
16  122 273 442 577 775 925 1019 1094 1384 1536 1690 1816 2000 2162 2236 2469 
16  122 276 449 604 755 886 943 1206 1376 1537 1691 1845 2005 2159 2319 2410 
16  122 290 435 605 722 927 1077 1114 1383 1510 1695 1847 2001 2158 2322 2473 
16  122 298 368 599 709 915 1079 1228 1388 1490 1696 1844 2007 2160 2312 2472 
16  122 305 451 602 756 851 1075 1229 1385 1538 1650 1850 2008 2163 2310 2471 
16  122 306 447 606 710 890 1078 1231 1338 1539 1697 1807 2003 2164 2314 2475 
16  123 173 453 591 776 927 999 1227 1341 1541 1696 1849 1943 2162 2313 2466 
16  123 221 447 607 725 842 1058 1230 1382 1529 1690 1844 2004 2157 2249 2477 
16  123 274 380 588 758 925 1069 1229 1387 1540 1689 1748 2007 2159 2322 2474 
16  123 277 420 603 765 888 1044 1231 1384 1538 1692 1847 2005 2165 2323 2394 
16  123 283 352 605 772 835 1079 1180 1385 1537 1694 1851 2003 2155 2316 2469 
16  123 289 450 608 719 830 1077 1226 1388 1536 1697 1850 1982 2161 2321 2476 
16  123 295 449 609 745 880 1076 1232 1389 1539 1695 1760 2002 2160 2324 2478 
16  123 307 443 610 737 896 1016 1198 1343 1542 1666 1845 2000 2158 2314 2468 
16  124 173 411 611 777 928 1050 1230 1374 1466 1691 1850 2007 2158 2318 2469 
16  124 225 445 594 774 873 1077 1231 1335 1505 1693 1845 2006 2160 2316 2467 
16  124 281 364 577 770 918 1068 1228 1386 1538 1695 1848 2009 2159 2253 2468 
16  124 286 451 590 727 926 1078 1130 1384 1537 1696 1852 1972 2107 2322 2385 
16  124 291 426 585 778 827 1079 1227 1389 1527 1692 1853 2008 2164 2320 2474 
16  124 294 347 586 779 897 1033 1232 1265 1540 1690 1847 2010 2163 2321 2466 
16  124 302 452 563 737 919 1080 1210 1385 1539 1698 1846 2001 2165 2315 2472 
16  124 308 454 583 771 889 976 1203 1387 1536 1694 1849 2011 2166 2319 2402 
16  125 174 451 593 698 928 1053 1165 1325 1539 1692 1810 2004 2162 2325 2479 
16  125 202 421 596 732 929 1078 1215 1385 1541 1695 1853 2007 2161 2323 2414 
16  125 261 453 541 757 899 1081 1230 1289 1538 1673 1851 2006 2164 2315 2476 
16  125 264 454 597 773 930 1065 1232 1384 1542 1693 1769 2003 2157 2317 2474 
16  125 280 448 594 748 866 1082 1233 1366 1543 1696 1846 2008 2166 2295 2469 
16  125 287 455 603 734 865 1080 1177 1386 1540 1694 1850 2012 2167 2320 2475 
16  125 291 392 600 775 931 1043 1222 1387 1544 1676 1852 2002 2163 2326 2468 
16  125 295 374 606 731 871 1083 1234 1379 1545 1699 1848 2010 2165 2316 2477 
16  126 174 450 557 780 872 1082 1220 1313 1433 1693 1848 2005 2155 2320 2472 
16  126 206 452 596 712 928 1081 1233 1386 1514 1697 1849 2010 2168 2286 2467 
16  126 270 453 612 774 902 1054 1232 1378 1450 1694 1852 2004 2161 2327 2470 
16  126 272 454 604 766 879 1059 1202 1385 1540 1696 1854 2009 2164 2318 2477 
16  126 273 366 585 772 907 1080 1230 1387 1531 1695 1855 2013 2169 2317 2416 
16  126 294 448 561 781 929 994 1234 1375 1537 1698 1850 2006 2162 2223 2473 
16  126 299 353 592 777 896 1018 1235 1389 1541 1699 1851 2011 2157 2321 2471 
16  126 300 407 601 730 930 1083 1236 1278 1543 1672 1853 2012 2160 2315 2479 
16  127 174 428 568 765 925 1080 1232 1390 1541 1697 1854 1910 2166 2326 2473 
16  127 210 448 605 750 891 1083 1205 1386 1542 1692 1852 1973 2169 2318 2471 
16  127 274 452 549 738 929 1082 1230 1273 1473 1699 1856 2009 2160 2319 2475 
16  127 276 453 613 747 893 1084 1233 1279 1544 1693 1850 1964 2165 2322 2478 
16  127 282 320 600 756 874 1009 1234 1389 1543 1700 1849 2005 2161 2317 2480 
16  127 292 447 601 778 928 1004 1235 1387 1487 1696 1848 2006 2167 2323 2481 
16  127 296 372 589 779 930 1081 1191 1362 1545 1662 1855 2007 2162 2320 2411 
16  127 308 355 609 732 931 1085 1173 1388 1519 1698 1851 2008 2168 2325 2413 
16  128 174 322 607 739 876 1026 1233 1336 1521 1695 1851 2012 2163 2318 2470 
16  128 214 425 601 760 927 1080 1166 1388 1522 1699 1852 2005 2164 2324 2467 
16  128 268 448 590 782 863 1081 1231 1389 1494 1701 1848 2013 2170 2319 2479 
16  128 278 453 584 752 931 1042 1234 1300 1542 1697 1853 2009 2167 2328 2415 
16  128 281 456 606 740 932 1073 1235 1390 1543 1698 1855 1962 2152 2215 2466 
16  128 288 410 589 777 926 1082 1236 1267 1544 1700 1854 2003 2147 2248 2446 
16  128 298 452 608 783 905 1020 1237 1391 1541 1702 1830 2006 2169 2211 2469 
16  128 303 454 562 751 911 1083 1229 1392 1546 1703 1856 2014 2162 2303 2472 
16  129 174 457 564 767 922 1061 1234 1349 1544 1696 1826 2011 2168 2324 2474 
16  129 218 439 598 781 904 1080 1233 1389 1542 1702 1856 2007 2171 2325 2422 
16  129 256 363 590 784 932 1082 1232 1262 1545 1703 1849 1965 2164 2323 2471 
16  129 275 453 614 770 849 950 1156 1388 1475 1700 1857 2010 2166 2320 2479 
16  129 285 454 595 785 933 1085 1235 1356 1547 1697 1834 2012 2165 2327 2480 
16  129 297 456 580 749 837 1044 1236 1391 1546 1699 1850 2015 2170 2317 2408 
16  129 302 442 601 786 861 993 1214 1390 1548 1701 1851 2009 2169 2322 2482 
16  129 304 402 589 769 865 1083 1216 1393 1549 1704 1858 2006 2163 2319 2478 
16  130 174 399 599 763 932 1084 1237 1392 1528 1635 1852 2008 2149 2317 2475 
16  130 222 424 596 784 933 1071 1234 1388 1546 1693 1854 2013 2163 2329 2481 
16  130 277 454 602 787 882 1086 1184 1390 1545 1702 1853 2015 2093 2321 2386 
16  130 279 448 610 788 853 1085 1238 1373 1544 1601 1849 2007 2115 2328 2426 
16  130 301 455 601 733 883 1087 1199 1285 1542 1630 1855 2010 2170 2326 2470 
16  130 306 377 589 776 827 906 1235 1391 1548 1703 1857 2016 2171 2324 2476 
16  130 309 456 609 742 913 1046 1188 1386 1547 1700 1856 1971 2164 2254 2482 
16  130 310 429 608 757 934 1072 1236 1393 1550 1698 1859 2009 2166 2323 2474 
16  131 174 458 611 729 885 1062 1238 1295 1542 1698 1857 2013 2172 2321 2477 
16  131 226 441 605 786 933 1076 1189 1391 1543 1704 1775 2011 2167 2325 2472 
16  131 266 401 598 743 932 1085 1236 1394 1548 1705 1858 2010 2173 2258 2481 
16  131 284 452 615 725 824 1013 1239 1388 1544 1701 1853 2014 2116 2327 2483 
16  131 293 371 616 764 909 996 1193 1390 1533 1699 1859 2008 2171 2328 2478 
16  131 305 433 594 769 934 1084 1153 1395 1447 1697 1851 2015 2174 2324 2479 
16  131 307 454 613 735 935 1087 1240 1393 1478 1700 1828 1967 2168 2329 2475 
16  131 311 455 559 759 936 1057 1235 1308 1545 1665 1852 2009 2175 2330 2484 
16  132 175 368 576 758 933 1084 1160 1393 1545 1701 1856 2016 2172 2326 2485 
16  132 227 451 608 724 935 1029 1239 1390 1547 1703 1858 2011 2170 2330 2477 
16  132 271 456 612 775 934 1085 1158 1381 1549 1702 1823 2013 2167 2270 2383 
16  132 278 327 594 784 936 997 1236 1392 1551 1706 1855 2017 2126 2321 2434 
16  132 284 457 603 761 875 1086 1237 1394 1543 1621 1854 2018 2171 2273 2482 
16  132 295 458 565 768 894 1088 1240 1387 1546 1704 1853 2019 2173 2331 2476 
16  132 301 459 597 780 887 1089 1238 1391 1550 1700 1832 2008 2137 2322 2441 
16  132 308 460 598 753 853 1087 1241 1395 1552 1707 1857 1966 2163 2323 2472 
16  133 175 461 605 754 923 1081 1238 1363 1546 1702 1858 1944 2165 2247 2475 
16  133 228 447 611 783 934 1086 1175 1392 1423 1700 1860 1996 2170 2325 2445 
16  133 272 455 617 745 869 1035 1237 1393 1536 1703 1861 2013 2173 2322 2480 
16  133 277 414 614 755 935 971 1109 1391 1549 1679 1854 1959 2172 2327 2484 
16  133 285 450 615 782 838 1084 1143 1394 1550 1704 1855 2020 2168 2328 2477 
16  133 288 392 610 726 936 1060 1239 1395 1548 1708 1833 2012 2166 2224 2478 
16  133 293 456 618 779 812 1070 1201 1396 1479 1701 1857 2011 2174 2329 2486 
16  133 312 451 613 760 898 1079 1241 1397 1551 1664 1856 2010 2167 2331 2483 
16  134 175 449 616 738 841 1086 1239 1396 1485 1704 1861 2017 2169 2323 2479 
16  134 230 455 607 744 928 1084 1238 1397 1547 1705 1854 2014 2176 2332 2476 
16  134 273 355 593 782 935 1088 1237 1395 1484 1706 1856 2021 2165 2333 2481 
16  134 280 456 619 746 889 978 1240 1392 1548 1707 1859 2018 2172 2330 2480 
16  134 286 457 620 783 881 992 1241 1393 1546 1708 1855 2022 2111 2307 2484 
16  134 289 391 595 756 937 1067 1242 1394 1549 1701 1860 2015 2166 2331 2475 
16  134 303 459 570 774 924 1062 1243 1342 1551 1702 1862 2011 2173 2326 2478 
16  134 304 376 599 766 938 1087 1204 1398 1550 1703 1863 2012 2106 2325 2482 
16  135 175 356 587 773 937 1049 1237 1397 1550 1707 1862 2019 2170 2324 2484 
16  135 233 405 607 781 931 1086 1200 1395 1549 1703 1836 2020 2175 2329 2483 
16  135 279 457 604 728 938 1063 1239 1399 1534 1702 1857 1958 2176 2331 2480 
16  135 287 459 602 772 939 1003 1240 1396 1547 1706 1838 1960 2171 2334 2485 
16  135 290 456 621 759 830 965 1238 1348 1551 1631 1860 2016 2168 2327 2479 
16  135 299 458 614 751 854 1087 1159 1394 1553 1708 1842 2017 2167 2330 2486 
16  135 302 365 622 732 859 1088 1241 1398 1554 1705 1859 2013 2174 2255 2487 
16  135 307 460 617 763 940 1089 1212 1400 1548 1704 1863 2014 2177 2326 2428 
16  136 175 462 600 743 845 1052 1241 1392 1547 1643 1863 2015 2168 2333 2356 
16  136 236 443 612 771 937 1089 1239 1398 1551 1709 1864 2018 2175 2328 2476 
16  136 281 455 569 785 862 1090 1227 1394 1552 1706 1759 2016 2169 2329 2478 
16  136 292 427 615 777 930 1091 1167 1396 1549 1705 1862 2021 2177 2325 2480 
16  136 297 331 416 755 938 1092 1243 1397 1553 1701 1858 2020 2124 2299 2487 
16  136 300 379 608 747 939 1093 1242 1283 1554 1704 1824 2022 2172 2324 2482 
16  136 305 457 618 731 940 949 1244 1401 1550 1685 1860 2017 2173 2332 2483 
16  136 309 458 623 748 850 1094 1245 1399 1493 1707 1861 2014 2171 2335 2481 
16  137 175 386 624 752 939 1012 1148 1398 1535 1708 1857 2014 2173 2336 2488 
16  137 239 446 607 753 937 1083 1243 1309 1554 1706 1861 2023 2177 2330 2489 
16  137 282 420 593 784 926 1089 1242 1380 1552 1705 1818 2019 2171 2327 2477 
16  137 294 388 609 785 941 1091 1193 1360 1482 1709 1858 2015 2172 2332 2486 
16  137 306 457 625 762 893 1014 1246 1382 1551 1680 1859 1970 2169 2333 2485 
16  137 311 349 610 741 942 1088 1244 1374 1491 1696 1862 2016 2176 2334 2482 
16  137 313 378 597 755 932 1090 1247 1396 1555 1707 1860 2022 2175 2326 2490 
16  137 314 450 619 735 858 1080 1183 1397 1556 1710 1863 2017 2174 2335 2478 
16  138 175 463 606 767 884 1051 1242 1399 1553 1706 1859 2024 2175 2332 2491 
16  138 241 425 598 776 919 1089 1243 1396 1556 1708 1865 2015 2176 2337 2483 
16  138 283 458 619 778 882 1001 1244 1398 1552 1711 1866 2020 2170 2333 2489 
16  138 296 459 610 736 921 1090 1245 1401 1496 1705 1863 2018 2178 2331 2479 
16  138 310 348 603 764 917 1015 1246 1400 1546 1707 1864 1933 2174 2327 2488 
16  138 315 422 609 783 936 1092 1247 1402 1554 1710 1862 1989 2136 2328 2485 
16  138 316 440 604 784 939 1033 1248 1397 1555 1695 1827 2016 2177 2338 2486 
16  138 317 411 612 750 929 1091 1249 1403 1530 1712 1860 2014 2179 2293 2482 
16  139 176 330 610 734 918 1091 1242 1400 1462 1710 1861 2020 2120 2336 2484 
16  139 229 428 602 748 941 969 1243 1398 1540 1682 1860 2019 2178 2329 2480 
16  139 275 418 537 773 927 1090 1244 1399 1551 1708 1743 2021 2172 2338 2487 
16  139 286 461 612 789 856 1087 1245 1402 1555 1706 1865 2025 2097 2339 2488 
16  139 290 463 611 766 861 1092 1248 1314 1552 1709 1867 2017 2133 2331 2481 
16  139 295 462 613 781 906 1093 1246 1357 1553 1705 1866 2023 2179 2328 2490 
16  139 300 360 616 790 942 1024 1247 1385 1556 1711 1858 2018 2177 2340 2491 
16  139 310 434 595 780 943 1043 1249 1401 1554 1713 1868 2016 2175 2333 2492 
16  140 176 439 604 719 941 1090 1234 1293 1553 1684 1862 2025 2174 2256 2483 
16  140 231 459 615 740 943 1092 1244 1287 1555 1712 1859 2023 2180 2329 2484 
16  140 280 461 622 729 942 1095 1246 1399 1557 1709 1863 2019 2181 2264 2489 
16  140 283 358 620 775 944 1096 1235 1400 1551 1713 1865 2001 2178 2332 2482 
16  140 293 463 623 737 883 1097 1249 1402 1556 1691 1864 1955 2173 2330 2487 
16  140 306 325 614 750 847 1093 1230 1345 1552 1688 1861 2018 2176 2338 2488 
16  140 308 416 621 769 864 1094 1242 1401 1558 1708 1866 2026 2177 2334 2463 
16  140 318 451 624 786 911 1098 1238 1317 1559 1622 1867 1992 2175 2335 2480 
16  141 176 460 596 791 868 1093 1207 1304 1555 1709 1868 2021 2178 2330 2485 
16  141 234 367 590 726 937 1085 1245 1361 1553 1710 1867 2022 2176 2333 2493 
16  141 274 459 625 749 829 1041 1248 1395 1513 1711 1864 2019 2179 2332 2494 
16  141 281 461 626 787 870 1094 1131 1400 1554 1712 1869 1994 2114 2331 2486 
16  141 285 462 603 788 941 1092 1249 1399 1558 1644 1829 2027 2182 2336 2495 
16  141 299 463 608 792 823 1082 1246 1332 1560 1713 1835 2018 2180 2334 2443 
16  141 311 437 618 776 943 1090 1152 1351 1557 1714 1861 2024 2145 2268 2496 
16  141 315 464 607 790 901 1095 1240 1401 1559 1715 1865 2028 2174 2338 2481 
16  142 176 458 627 718 903 1095 1248 1359 1554 1714 1870 2026 2176 2339 2490 
16  142 237 440 615 765 941 1093 1245 1340 1556 1713 1869 2024 2181 2244 2494 
16  142 282 326 616 771 944 971 1231 1401 1520 1710 1871 2021 2179 2267 2486 
16  142 297 461 628 744 945 1097 1250 1403 1541 1642 1841 2017 2141 2333 2484 
16  142 301 462 621 793 907 1096 1228 1320 1555 1711 1862 2028 2129 2310 2487 
16  142 303 463 629 745 931 1094 1247 1404 1557 1715 1868 2023 2182 2337 2488 
16  142 307 409 618 750 905 1098 1246 1402 1561 1686 1872 2020 2178 2340 2493 
16  142 312 464 575 773 934 1099 1249 1400 1560 1709 1866 2022 2183 2335 2491 
16  143 176 403 609 794 944 1038 1239 1404 1556 1712 1866 2019 2184 2338 2492 
16  143 240 453 567 795 945 1086 1218 1402 1557 1692 1867 2021 2174 2332 2490 
16  143 287 463 630 760 925 1095 1250 1394 1472 1710 1869 2025 2177 2341 2495 
16  143 288 462 619 796 900 1097 1247 1405 1456 1709 1865 2024 2185 2334 2493 
16  143 292 461 631 762 822 1007 1251 1406 1558 1711 1868 1979 2180 2335 2483 
16  143 304 464 617 731 946 1029 1248 1403 1561 1698 1871 2023 2181 2336 2485 
16  143 313 433 632 779 904 1032 1245 1407 1559 1687 1864 2020 2182 2342 2491 
16  143 317 465 580 780 947 1049 1252 1408 1562 1683 1783 2022 2178 2337 2486 
16  144 176 466 605 797 926 1055 1245 1403 1557 1711 1872 2027 2183 2257 2486 
16  144 242 457 626 737 892 1095 1139 1404 1558 1701 1867 2024 2178 2304 2497 
16  144 289 462 614 798 878 1099 1110 1291 1559 1681 1837 2021 2180 2337 2489 
16  144 291 464 602 799 942 1091 1241 1402 1562 1714 1868 2029 2184 2341 2406 
16  144 296 406 611 785 944 1047 1233 1405 1489 1715 1864 2022 2181 2339 2483 
16  144 298 365 612 745 877 1096 1248 1406 1560 1661 1863 2030 2185 2340 2492 
16  144 309 332 616 795 910 1089 1250 1407 1561 1712 1870 2028 2186 2279 2488 
16  144 314 465 606 763 945 1085 1142 1194 1563 1713 1866 2025 2182 2343 2485 
16  145 176 467 633 743 834 1097 1252 1398 1538 1713 1844 1980 2179 2335 2495 
16  145 244 444 608 778 940 1096 1247 1347 1558 1678 1864 2025 2183 2338 2496 
16  145 294 464 620 754 945 1098 1192 1354 1564 1712 1873 2026 2185 2337 2487 
16  145 316 465 618 797 927 1099 1250 1346 1543 1694 1865 2023 2184 2342 2494 
16  145 319 402 616 787 925 1092 1221 1403 1559 1714 1866 2030 2187 2344 2493 
16  145 320 455 622 758 946 1039 1251 1405 1560 1627 1825 2027 2186 2341 2490 
16  145 321 459 613 800 948 1045 1253 1404 1561 1690 1869 1978 2188 2272 2489 
16  145 322 438 612 786 947 1100 1254 1409 1556 1715 1870 1976 2180 2287 2485 
16  146 177 345 595 760 945 1093 1247 1358 1498 1714 1871 2027 2180 2269 2497 
16  146 232 460 611 744 947 1098 1163 1404 1560 1710 1874 2028 2187 2342 2496 
16  146 282 465 634 800 922 1028 1254 1403 1553 1716 1868 2026 2186 2338 2495 
16  146 286 370 615 792 946 1074 1126 1389 1557 1717 1796 2029 2179 2340 2487 
16  146 293 466 625 801 828 1090 1214 1405 1558 1703 1869 2023 2189 2343 2491 
16  146 298 467 583 802 949 1099 1251 1393 1465 1715 1867 2025 2188 2334 2498 
16  146 315 453 622 803 948 1094 1250 1406 1562 1713 1872 2031 2190 2336 2499 
16  146 319 462 604 804 924 1100 1155 1407 1563 1718 1873 2032 2181 2335 2492 
16  147 177 429 607 771 946 1097 1253 1407 1500 1716 1867 2030 2183 2337 2494 
15  147 235 458 625 799 920 1099 1252 1406 1442 1717 1871 2024 2182 2344 
16  147 287 467 635 770 943 1100 1213 1405 1561 1719 1874 2026 2184 2345 2497 
16  147 294 460 566 798 949 1101 1219 1408 1558 1714 1872 2032 2179 2346 2488 
16  147 296 468 621 761 833 1102 1251 1409 1559 1718 1869 1977 2185 2336 2496 
16  147 303 465 636 733 891 1040 1255 1410 1470 1671 1870 2027 2181 2334 2487 
16  147 318 469 600 792 948 1078 1256 1411 1563 1715 1875 2033 2187 2284 2490 
16  147 323 461 597 804 936 1103 1176 1365 1560 1646 1876 2029 2188 2343 2493 
16  148 177 470 603 789 938 1068 1236 1405 1562 1717 1870 1919 2187 2346 2489 
16  148 238 430 606 802 944 1100 1252 1410 1564 1714 1869 2028 2183 2340 2499 
16  148 280 361 613 794 897 1101 1251 1407 1565 1719 1871 1985 2189 2339 2493 
16  148 288 460 624 757 946 1004 1254 1406 1563 1720 1876 2034 2144 2289 2427 
16  148 290 464 635 738 948 1034 1246 1408 1566 1716 1846 2024 2191 2342 2492 
16  148 309 413 628 736 949 1102 1253 1390 1544 1721 1848 1998 2180 2341 2491 
16  148 311 469 627 772 864 1065 1255 1391 1561 1718 1868 2025 2190 2344 2494 
16  148 316 466 630 768 937 1103 1257 1409 1567 1674 1873 2030 2182 2271 2490 
16  149 177 471 609 773 908 1095 1251 1408 1548 1720 1843 2029 2182 2345 2499 
16  149 243 460 616 805 915 1102 1129 1383 1547 1715 1845 2027 2184 2343 2489 
15  149 284 467 619 806 916 1030 1253 1406 1545 1718 1870 1961 2189 2342 
16  149 289 468 623 734 822 1100 1255 1296 1566 1706 1871 2030 2186 2346 2498 
15  149 297 466 620 788 867 1101 1252 1294 1563 1716 1874 2031 2188 2266 
16  149 306 472 629 803 921 1053 1196 1409 1564 1717 1875 2032 2191 2339 2491 
16  149 317 469 626 747 924 1076 1257 1410 1565 1721 1872 2026 2192 2347 2496 
16  149 320 405 445 799 950 1103 1254 1407 1568 1713 1855 2033 2123 2340 2497 
15  150 177 473 618 807 914 1077 1252 1355 1565 1718 1875 2034 2186 2343 
16  150 245 466 632 753 898 1100 1251 1404 1562 1721 1876 2033 2191 2261 2494 
16  150 291 467 624 765 869 1101 1243 1409 1566 1722 1787 2028 2190 2347 2442 
16  150 299 425 616 794 832 1103 1253 1408 1564 1723 1874 2035 2181 2348 2498 
15  150 301 441 606 808 950 1102 1255 1411 1567 1716 1872 2029 2189 2349 
16  150 304 390 610 798 930 1021 1254 1410 1569 1717 1873 2031 2184 2350 2493 
16  150 321 472 628 784 947 1096 1256 1412 1504 1719 1877 2027 2192 2344 2499 
16  150 324 469 611 796 902 1104 1258 1413 1568 1720 1870 2030 2188 2336 2491 
16  151 177 474 617 787 950 1104 1256 1409 1569 1641 1874 1988 2193 2341 2492 
16  151 248 452 621 754 947 1103 1244 1410 1563 1722 1871 2036 2191 2349 2495 
15  151 292 466 636 790 951 1042 1254 1408 1570 1718 1877 2012 2187 2339 
16  151 295 398 622 779 910 1102 1257 1412 1564 1720 1878 1995 2194 2346 2493 
15  151 312 431 600 742 952 1015 1255 1413 1562 1719 1873 2028 2195 2343 
16  151 314 442 627 800 929 1006 1259 1399 1552 1717 1872 2030 2196 2342 2497 
16  151 322 463 634 741 935 1105 1172 1411 1565 1724 1876 2031 2183 2344 2489 
16  151 325 467 637 785 953 1054 1258 1414 1567 1721 1875 2035 2185 2350 2499 
15  152 177 384 631 751 951 1051 1255 1344 1564 1710 1876 2036 2158 2347 
16  152 251 464 623 774 933 1063 1256 1410 1441 1720 1879 2032 2189 2348 2494 
16  152 300 465 624 793 950 1106 1257 1395 1570 1719 1875 1950 2148 2351 2401 
15  152 302 469 633 795 935 1107 1259 1412 1566 1723 1873 2029 2193 2339 
16  152 313 472 615 742 940 1102 1202 1414 1565 1722 1764 2033 2188 2337 2492 
15  152 325 449 638 801 952 1061 1250 1411 1550 1725 1874 2034 2191 2340 
16  152 326 436 605 770 941 1104 1260 1415 1488 1716 1877 2035 2190 2343 2439 
15  152 327 475 610 802 953 1105 1261 1413 1571 1639 1878 2026 2187 2341 
15  153 178 445 578 794 949 1104 1257 1411 1542 1620 1879 1975 2185 2342 
15  153 273 465 637 791 930 1105 1128 1412 1474 1722 1874 2032 2195 2352 
15  153 295 373 620 764 939 1103 1256 1330 1565 1725 1880 1983 2184 2351 
16  153 296 470 543 786 951 1056 1258 1400 1566 1719 1878 2031 2196 2348 2495 
15  153 311 471 614 807 952 1027 1260 1325 1567 1723 1817 2033 2183 2341 
16  153 319 472 607 797 953 1106 1249 1406 1527 1626 1881 2029 2186 2347 2497 
16  153 324 474 623 749 841 1075 1259 1414 1570 1716 1876 2037 2142 2274 2496 
16  153 326 473 619 792 887 1107 1229 1413 1569 1721 1882 2036 2155 2344 2498 
16  154 178 468 630 776 952 1105 1256 1414 1537 1726 1881 2036 2190 2276 2451 
15  154 274 470 633 746 923 1096 1261 1302 1567 1720 1880 2037 2186 2342 
16  154 291 471 604 782 951 1104 1252 1312 1560 1721 1883 2038 2189 2346 2497 
16  154 297 473 613 809 873 1106 1237 1411 1568 1722 1799 1981 2192 2345 2494 
16  154 310 383 622 777 954 1107 1255 1415 1523 1724 1875 2004 2188 2348 2496 
15  154 313 476 627 767 955 1005 1258 1416 1499 1723 1876 2032 2167 2349 
15  154 318 474 638 759 888 1099 1260 1412 1571 1727 1879 2031 2197 2347 
15  154 322 460 631 808 882 1108 1225 1396 1566 1700 1780 2033 2185 2351 
15  155 178 397 629 743 942 1106 1258 1364 1539 1549 1873 2033 2189 2344 
16  155 279 470 632 778 817 1018 1133 1412 1568 1724 1881 2034 2198 2349 2498 
15  155 288 423 620 810 929 1089 1217 1410 1567 1719 1882 2038 2187 2352 
16  155 289 404 625 808 952 1098 1259 1415 1565 1727 1878 1997 2171 2285 2499 
16  155 300 471 558 768 946 1105 1262 1335 1569 1725 1877 2037 2194 2347 2495 
15  155 308 473 634 811 955 1108 1195 1288 1570 1728 1840 2035 2191 2346 
15  155 315 469 637 812 872 1066 1254 1416 1571 1726 1880 2039 2196 2345 
16  155 321 474 605 805 928 1072 1136 1413 1572 1722 1875 2040 2199 2309 2497 
15  156 298 472 630 810 848 1107 1258 1417 1570 1725 1879 2039 2195 2353 
15  156 300 477 619 754 855 1108 1259 1416 1568 1729 1883 2031 2199 2352 
