3  0 1 2 
3  3 4 5 
3  6 7 8 
3  9 10 11 
3  12 13 14 
3  15 16 17 
3  18 19 20 
3  21 22 23 
3  24 25 26 
3  27 28 29 
3  30 31 32 
3  33 34 35 
3  36 37 38 
3  39 40 41 
3  42 43 44 
3  45 46 47 
3  48 49 50 
3  51 52 53 
3  54 55 56 
3  57 58 59 
3  60 61 62 
3  63 64 65 
3  66 67 68 
3  69 70 71 
3  72 73 74 
3  75 76 77 
3  78 79 80 
3  81 82 83 
3  84 85 86 
3  87 88 89 
3  90 91 92 
3  93 94 95 
3  96 97 98 
3  99 100 101 
3  102 103 104 
3  105 106 107 
3  108 109 110 
3  111 112 113 
3  114 115 116 
3  117 118 119 
3  120 121 122 
3  123 124 125 
3  126 127 128 
3  129 130 131 
3  132 133 134 
3  135 136 137 
3  138 139 140 
3  141 142 143 
3  144 145 146 
3  147 148 149 
3  150 151 152 
3  153 154 155 
3  156 157 158 
3  159 160 161 
3  162 163 164 
3  165 166 167 
3  168 169 170 
3  171 172 173 
3  174 175 176 
3  177 178 179 
3  180 181 182 
3  183 184 185 
3  186 187 188 
3  189 190 191 
3  192 193 194 
3  195 196 197 
3  198 199 200 
3  201 202 203 
3  204 205 206 
3  207 208 209 
3  210 211 212 
3  213 214 215 
3  216 217 218 
3  219 220 221 
3  222 223 224 
3  225 226 227 
3  228 229 230 
3  231 232 233 
3  234 235 236 
3  237 238 239 
3  240 241 242 
3  243 244 245 
3  246 247 248 
3  249 250 251 
3  0 3 6 
3  1 9 12 
3  2 15 18 
3  4 21 24 
3  5 27 30 
3  7 33 36 
3  8 39 42 
3  10 45 48 
3  11 51 54 
3  13 57 60 
3  14 63 66 
3  16 69 72 
3  17 75 78 
3  19 81 84 
3  20 87 90 
3  22 93 96 
3  23 99 102 
3  25 105 108 
3  26 111 114 
3  28 117 120 
3  29 123 126 
3  31 129 132 
3  32 135 138 
3  34 141 144 
3  35 147 150 
3  37 153 156 
3  38 159 162 
3  40 165 168 
3  41 171 174 
3  43 177 180 
3  44 183 186 
3  46 189 192 
3  47 195 198 
3  49 201 204 
3  50 207 210 
3  52 213 216 
3  53 219 222 
3  55 225 228 
3  56 231 234 
3  58 237 240 
3  59 243 246 
3  61 94 249 
3  62 118 142 
3  64 100 148 
3  65 124 166 
3  67 106 154 
3  68 130 178 
3  70 95 157 
3  71 125 190 
3  73 109 145 
3  74 133 172 
3  76 101 184 
3  77 119 196 
3  79 112 160 
3  80 136 169 
3  82 97 175 
3  83 121 163 
3  85 107 193 
3  86 139 151 
3  88 103 202 
3  89 127 181 
3  91 115 199 
3  92 214 238 
3  98 128 220 
3  104 226 244 
3  110 187 232 
3  113 131 205 
3  116 122 229 
3  134 149 217 
3  137 235 241 
3  140 208 250 
3  143 167 203 
3  146 200 221 
3  152 179 247 
3  155 170 211 
3  158 185 215 
3  161 173 223 
3  164 182 209 
3  176 191 227 
3  57 188 206 
3  60 194 218 
3  36 197 233 
3  212 224 245 
3  6 230 251 
3  22 178 236 
3  10 41 239 
3  73 121 242 
3  17 52 248 
3  0 100 200 
3  1 105 137 
3  2 117 131 
3  3 70 203 
3  4 58 77 
3  5 46 161 
3  7 66 245 
3  8 81 216 
3  9 34 127 
3  11 21 86 
3  12 74 185 
3  13 79 90 
3  14 27 175 
3  15 96 207 
3  16 26 33 
3  18 55 124 
3  19 47 155 
3  20 32 145 
3  23 37 123 
3  24 44 211 
3  25 61 227 
3  28 42 49 
3  29 107 214 
3  30 35 104 
3  31 40 94 
3  38 43 62 
3  39 112 220 
3  45 110 130 
3  48 59 64 
3  50 53 91 
3  51 67 71 
3  54 132 162 
3  56 76 82 
3  63 116 139 
3  65 75 173 
3  68 83 88 
3  69 180 238 
3  72 85 168 
3  78 108 156 
3  80 120 149 
3  84 111 142 
3  87 171 233 
3  89 93 189 
3  92 97 150 
3  95 115 119 
3  98 133 243 
3  99 106 182 
3  40 101 122 
3  102 113 140 
3  103 146 169 
3  109 118 224 
3  114 126 234 
3  125 136 152 
3  128 135 157 
3  129 141 240 
3  134 153 191 
3  138 143 186 
3  144 159 176 
3  147 164 187 
3  148 158 174 
3  151 154 160 
3  163 166 192 
3  165 177 195 
3  167 212 213 
3  170 204 231 
3  172 179 230 
3  181 199 205 
3  183 190 197 
3  184 193 201 
3  188 219 225 
3  194 196 208 
3  198 215 226 
3  202 209 223 
3  11 206 251 
3  210 228 241 
3  217 221 236 
3  218 229 232 
3  222 237 249 
3  161 235 246 
3  78 239 244 
3  7 93 242 
3  8 9 247 
3  87 248 250 
3  0 26 151 
3  1 30 38 
3  2 23 186 
3  3 19 80 
3  4 36 74 
3  5 16 91 
3  6 13 164 
3  10 20 119 
3  12 17 155 
3  14 18 221 
3  15 29 41 
3  21 28 198 
3  22 34 79 
3  24 31 83 
3  25 46 98 
3  27 51 179 
3  32 49 182 
3  33 57 166 
3  35 45 184 
3  37 48 56 
3  39 47 71 
3  42 68 75 
3  43 52 116 
3  44 54 90 
3  50 66 84 
3  53 60 102 
3  55 58 140 
3  59 70 107 
3  61 63 69 
3  62 67 92 
3  64 89 108 
3  65 73 97 
3  72 104 236 
3  76 111 135 
3  77 85 96 
3  81 95 188 
3  82 105 134 
3  86 88 101 
3  94 109 152 
3  99 110 172 
3  100 112 212 
3  103 114 129 
3  106 115 124 
3  113 153 163 
3  117 139 246 
3  118 123 132 
3  120 127 154 
3  121 125 143 
3  122 130 137 
3  126 147 249 
3  128 131 197 
3  133 136 199 
3  138 159 217 
3  141 148 168 
3  142 156 230 
3  144 187 214 
3  145 149 167 
3  146 150 157 
3  158 160 208 
3  162 169 171 
3  165 175 205 
3  170 176 178 
3  173 180 191 
3  174 192 210 
3  177 185 218 
3  181 183 228 
3  189 200 209 
3  190 204 213 
3  193 219 233 
3  136 194 237 
3  195 201 235 
3  196 206 242 
3  202 211 238 
3  203 220 229 
3  207 216 227 
3  215 222 247 
3  1 223 231 
3  3 41 224 
3  0 225 248 
3  226 232 240 
3  99 234 239 
3  14 241 250 
3  16 243 251 
3  2 51 244 
3  20 105 245 
3  4 52 127 
3  5 56 131 
3  6 31 65 
3  7 29 76 
3  8 23 92 
3  9 61 163 
3  10 26 177 
3  11 75 143 
3  12 21 40 
3  13 37 85 
3  15 60 157 
3  17 32 192 
3  18 24 147 
3  19 33 132 
3  22 55 202 
3  25 49 141 
3  27 88 194 
3  28 57 159 
3  30 59 191 
3  34 70 172 
3  35 42 208 
3  36 100 178 
3  38 47 207 
3  39 58 145 
3  43 73 131 
3  44 64 222 
3  45 53 124 
3  46 66 149 
3  48 80 250 
3  50 54 74 
3  62 89 170 
3  63 128 209 
3  67 133 140 
3  68 123 226 
3  69 82 160 
3  71 87 217 
3  72 135 213 
3  77 103 230 
3  78 115 176 
3  79 118 165 
3  81 104 181 
3  83 91 93 
3  84 110 190 
3  86 90 126 
3  94 111 233 
3  95 97 130 
3  96 113 185 
3  98 101 107 
3  102 108 120 
3  106 146 206 
3  109 112 155 
3  114 158 245 
3  116 125 134 
3  117 137 164 
3  119 121 148 
3  122 144 151 
3  129 154 219 
3  138 153 179 
3  139 142 169 
3  150 162 195 
3  152 161 174 
3  156 166 182 
3  167 171 183 
3  168 173 188 
3  175 180 186 
3  184 224 227 
3  187 193 199 
3  189 229 239 
3  196 200 211 
3  197 203 247 
3  56 198 210 
3  201 214 244 
3  204 220 237 
3  205 212 248 
3  18 215 231 
3  216 223 243 
3  31 218 225 
3  43 221 228 
3  232 238 246 
3  6 234 240 
3  0 11 235 
3  25 236 242 
3  3 23 241 
3  2 47 249 
3  1 112 251 
3  4 8 14 
3  5 7 142 
3  9 15 103 
3  10 13 133 
3  12 20 125 
3  16 28 99 
3  17 22 240 
3  19 21 128 
3  24 29 71 
3  26 27 37 
3  30 39 50 
3  32 33 222 
3  34 40 210 
3  35 41 170 
3  36 42 46 
3  38 49 95 
3  44 58 106 
3  45 54 138 
3  48 51 61 
3  52 55 148 
3  53 59 144 
3  57 67 116 
3  60 64 190 
3  62 65 235 
3  63 74 193 
3  66 70 237 
3  68 69 80 
3  72 75 229 
3  73 76 202 
3  77 79 217 
3  78 82 183 
3  81 87 100 
3  83 85 172 
3  84 89 159 
3  86 93 166 
3  88 94 213 
3  90 96 191 
3  91 98 104 
3  92 101 192 
3  97 102 118 
3  105 111 121 
3  107 113 152 
3  108 114 195 
3  109 115 127 
3  110 117 221 
3  119 129 214 
3  120 123 173 
3  18 122 153 
3  124 135 141 
3  126 130 218 
3  132 137 204 
3  134 146 161 
3  136 145 227 
3  139 147 181 
3  140 149 155 
3  143 150 207 
3  151 156 168 
3  154 157 164 
3  11 158 165 
3  160 163 199 
3  162 175 229 
3  167 176 234 
3  169 177 187 
3  171 182 242 
3  174 184 188 
3  178 186 243 
3  179 205 209 
3  180 194 198 
3  185 189 206 
3  196 215 220 
3  144 197 212 
3  200 201 216 
3  90 203 208 
3  211 219 230 
3  223 225 236 
3  83 224 228 
3  138 226 249 
3  231 241 244 
3  166 232 245 
