6  0 84 172 255 333 420 
6  0 85 173 256 331 424 
6  0 86 174 257 338 423 
6  1 84 175 258 332 422 
6  1 87 176 259 340 425 
6  1 88 177 260 341 426 
6  2 84 167 261 342 419 
6  2 89 178 252 343 426 
6  2 90 179 253 344 425 
6  3 85 180 253 345 427 
6  3 91 169 262 346 428 
7  3 92 181 245 347 420 483 
6  4 85 182 263 348 429 
6  4 93 183 261 349 428 
6  4 94 184 264 336 425 
6  5 86 185 265 350 427 
6  5 95 186 260 337 430 
6  5 96 171 263 351 431 
7  6 86 187 264 352 414 472 
6  6 97 188 258 353 432 
6  6 98 189 262 339 429 
6  7 87 181 266 348 432 
6  7 99 168 267 354 431 
6  7 100 190 257 344 422 
6  8 87 191 268 352 433 
6  8 101 192 269 355 421 
6  8 102 186 255 346 434 
6  9 88 184 270 356 434 
6  9 103 193 266 357 430 
6  9 104 194 265 343 433 
6  10 88 195 256 358 435 
6  10 105 196 268 342 416 
6  10 106 189 271 351 436 
6  11 89 186 272 353 436 
6  11 107 180 267 359 437 
6  11 108 195 273 360 438 
6  12 89 165 259 361 439 
6  12 109 190 274 349 434 
6  12 110 197 256 362 440 
6  13 90 198 275 363 435 
6  13 111 196 219 348 437 
6  13 112 169 265 332 438 
6  14 90 193 276 360 439 
6  14 113 197 277 364 417 
6  14 114 191 278 365 441 
6  15 91 199 273 366 442 
6  15 115 177 269 367 439 
6  15 116 188 275 362 423 
6  16 91 200 274 368 443 
6  16 117 193 271 355 440 
6  16 118 201 279 369 435 
6  17 92 202 270 338 443 
6  17 119 171 277 340 444 
6  17 120 201 280 366 445 
6  18 92 203 278 369 442 
6  18 121 187 281 354 444 
6  18 122 204 274 341 410 
6  19 93 163 272 357 446 
6  19 123 176 281 363 441 
6  19 124 200 282 358 445 
6  20 93 164 280 350 447 
6  20 125 192 283 345 443 
6  20 126 197 284 370 448 
6  21 94 205 283 371 449 
6  21 127 200 285 365 447 
6  21 128 206 286 342 448 
6  22 94 178 279 367 450 
6  22 129 202 284 372 446 
6  22 130 207 276 373 451 
6  23 95 208 283 374 451 
6  23 131 175 282 359 450 
6  23 132 202 275 375 433 
6  24 95 209 287 376 452 
6  24 133 170 286 364 453 
6  24 134 182 259 369 449 
6  25 96 206 276 347 452 
6  25 135 204 288 343 453 
6  25 136 176 289 377 454 
6  26 96 210 251 378 455 
6  26 137 183 267 379 454 
6  26 138 211 258 368 451 
6  27 97 179 290 380 456 
6  27 139 204 291 374 455 
7  27 140 207 268 381 457 500 
6  28 97 212 279 382 458 
6  28 141 209 289 349 457 
6  28 142 181 292 383 459 
6  29 98 213 254 375 456 
6  29 143 207 292 356 460 
6  29 144 214 285 370 458 
7  30 98 183 278 383 461 497 
6  30 145 201 260 381 462 
6  30 146 215 284 344 463 
6  31 99 214 252 381 459 
6  31 125 196 293 384 460 
6  31 131 216 290 385 440 
6  32 99 185 289 386 461 
6  32 139 215 286 385 464 
6  32 147 217 269 387 462 
6  33 100 218 294 335 430 
6  33 127 172 295 361 456 
6  33 135 219 292 387 463 
6  34 100 220 280 388 464 
6  34 143 221 296 377 427 
6  34 148 195 287 380 462 
6  35 101 173 291 339 465 
6  35 129 218 297 389 441 
6  35 141 194 282 387 466 
6  36 101 210 285 388 467 
6  36 133 222 293 390 468 
6  36 149 199 294 382 469 
6  37 102 212 288 384 465 
6  37 137 198 295 390 424 
6  37 150 220 298 386 466 
6  38 102 223 296 391 467 
6  38 145 216 297 378 468 
6  38 151 205 277 392 446 
6  39 103 174 299 393 469 
6  39 126 222 300 379 464 
6  39 136 216 262 394 470 
6  40 103 211 301 388 471 
6  40 140 170 302 394 465 
6  40 151 219 303 395 472 
6  41 104 190 300 373 471 
6  41 128 187 297 366 473 
6  41 132 224 302 392 429 
6  42 104 223 304 383 474 
6  42 144 180 301 340 468 
6  42 147 225 305 371 432 
6  43 105 226 296 396 470 
6  43 130 199 303 385 474 
6  43 150 174 305 341 364 
6  44 105 203 300 353 475 
6  44 134 217 306 372 428 
6  44 152 227 291 392 476 
6  45 106 225 288 376 473 
6  45 138 224 306 324 477 
6  45 153 173 303 393 475 
7  46 106 228 307 397 442 501 
6  46 142 205 299 398 478 
6  46 154 220 281 372 479 
6  47 107 226 308 355 473 
6  47 126 212 309 398 426 
6  47 155 228 302 347 480 
7  48 107 229 310 395 445 495 
6  48 133 189 311 363 477 
6  48 156 221 312 389 476 
6  49 108 230 304 352 478 
6  49 127 231 308 394 444 
6  49 152 211 311 367 479 
6  50 108 215 312 399 480 
6  50 142 232 255 395 481 
6  50 157 224 293 400 466 
6  51 109 227 298 397 472 
6  51 129 232 301 396 482 
6  51 158 188 263 390 479 
6  52 109 210 309 401 481 
6  52 131 225 312 350 482 
6  52 159 231 313 391 483 
6  53 110 229 307 357 458 
6  53 137 232 313 374 484 
6  53 160 177 250 400 476 
6  54 110 203 314 399 485 
6  54 140 233 298 345 484 
6  54 161 230 261 393 482 
6  55 111 234 315 379 483 
7  55 128 233 272 401 459 503 
6  55 155 235 311 402 486 
6  56 111 209 308 403 481 
6  56 138 221 314 398 487 
6  56 158 236 316 370 438 
6  57 112 213 314 402 488 
6  57 134 237 294 359 457 
6  57 160 206 317 403 471 
6  58 112 231 318 400 489 
6  58 139 184 315 404 485 
6  58 162 229 316 378 486 
6  59 113 234 319 346 487 
6  59 130 168 316 361 490 
6  59 157 237 270 397 491 
6  60 113 208 317 404 492 
6  60 144 238 320 380 478 
6  60 161 218 271 401 488 
6  61 114 239 320 402 455 
6  61 135 240 273 405 489 
6  61 159 182 319 386 493 
6  62 114 228 257 404 490 
6  62 149 230 310 406 487 
6  62 163 241 290 403 489 
6  63 115 214 321 407 493 
6  63 132 239 322 382 447 
6  63 162 227 317 358 461 
6  64 115 233 318 351 463 
6  64 141 240 323 406 449 
6  64 164 242 324 356 492 
6  65 116 234 325 399 467 
6  65 136 242 326 408 494 
6  65 165 239 305 409 495 
6  66 116 243 266 410 492 
6  66 145 238 306 406 484 
6  66 156 172 321 408 496 
6  67 117 240 325 411 496 
6  67 143 244 327 354 453 
6  67 155 175 328 409 497 
6  68 117 236 322 412 475 
6  68 150 238 315 413 491 
6  68 163 245 326 389 493 
6  69 118 185 329 362 480 
6  69 154 242 313 360 497 
6  69 161 244 321 371 491 
6  70 118 246 318 410 437 
6  70 158 191 327 408 498 
6  70 166 235 295 413 495 
6  71 119 235 322 376 460 
6  71 146 194 310 411 470 
6  71 159 243 330 414 494 
6  72 119 179 329 415 496 
6  72 152 247 307 375 454 
6  72 164 248 319 416 474 
6  73 120 241 323 396 498 
6  73 147 198 328 412 494 
6  73 156 247 264 417 469 
6  74 120 249 330 365 436 
6  74 160 244 331 415 499 
6  74 166 222 332 405 500 
6  75 121 241 333 416 499 
6  75 148 243 334 373 501 
6  75 162 192 329 405 477 
6  76 121 246 320 417 500 
7  76 151 248 328 407 452 485 
6  76 167 237 309 377 498 
6  77 122 236 331 414 502 
6  77 149 248 334 418 503 
5  77 165 213 323 384 
6  78 122 223 335 419 486 
6  78 153 250 325 420 448 
6  78 168 247 287 421 499 
6  79 123 249 324 412 450 
5  79 146 208 327 418 
5  79 169 251 335 407 
6  80 123 226 334 419 431 
6  80 153 246 336 422 502 
6  80 170 252 326 421 488 
6  81 124 217 337 415 490 
6  81 148 251 338 411 502 
6  81 166 178 339 391 503 
5  82 124 250 299 418 
5  82 157 253 330 409 
5  82 171 254 333 413 
6  83 125 249 304 423 501 
5  83 154 254 336 368 
5  83 167 245 337 424 
