3  131 267 309 
3  400 437 452 
3  244 277 339 
3  205 208 476 
3  184 311 343 
3  227 375 421 
3  125 232 236 
3  134 340 461 
3  61 426 445 
3  198 342 418 
3  209 313 360 
3  182 307 398 
3  215 344 453 
3  62 166 501 
3  138 365 500 
3  264 334 431 
3  28 58 386 
3  10 220 428 
3  151 413 425 
3  139 171 384 
3  30 255 282 
3  157 194 474 
3  169 355 393 
3  94 100 245 
3  188 276 471 
3  35 168 258 
3  14 271 438 
3  179 263 310 
3  33 73 284 
3  72 408 432 
3  246 383 389 
3  135 262 481 
3  79 303 369 
3  181 329 353 
3  6 356 417 
3  92 235 278 
3  48 338 346 
3  42 113 296 
3  201 316 468 
3  3 449 490 
3  361 448 477 
3  21 420 469 
3  156 272 377 
3  16 122 133 
3  15 114 233 
3  299 323 427 
3  47 170 406 
3  44 239 381 
3  224 279 331 
3  8 285 456 
3  153 324 380 
3  104 459 467 
3  200 266 379 
3  164 172 491 
3  97 107 424 
3  77 130 441 
3  88 289 433 
3  326 463 472 
3  74 75 193 
3  118 146 186 
3  140 376 478 
3  102 167 306 
3  222 390 414 
3  71 247 486 
3  49 115 249 
3  111 345 483 
3  41 120 304 
3  84 108 189 
3  211 293 423 
3  69 163 399 
3  230 231 291 
3  7 56 225 
3  37 202 466 
3  158 325 394 
3  109 143 397 
3  229 470 496 
3  260 330 503 
3  137 275 319 
3  67 159 341 
3  11 402 435 
3  385 442 484 
3  29 76 444 
3  19 197 464 
3  59 318 498 
3  204 415 499 
3  152 337 354 
3  250 333 404 
3  0 63 347 
3  327 328 454 
3  24 206 370 
3  66 212 270 
3  32 185 455 
3  51 117 493 
3  70 473 485 
3  78 174 300 
3  142 335 487 
3  91 254 357 
3  25 259 348 
3  34 175 446 
3  4 26 243 
3  55 132 497 
3  226 237 366 
3  23 281 332 
3  40 180 294 
3  192 196 248 
3  374 443 457 
3  12 65 187 
3  1 17 234 
3  144 165 315 
3  178 216 440 
3  13 242 317 
3  129 257 297 
3  391 416 475 
3  60 280 492 
3  358 372 392 
3  93 177 412 
3  9 22 176 
3  27 363 502 
3  36 54 312 
3  82 218 410 
3  18 20 46 
3  203 265 298 
3  286 371 373 
3  103 128 450 
3  68 98 121 
3  64 123 482 
3  116 269 367 
3  401 409 465 
3  31 147 429 
3  45 136 149 
3  126 447 488 
3  80 145 405 
3  213 308 407 
3  99 155 458 
3  5 274 349 
3  38 39 95 
3  288 350 359 
3  150 195 301 
3  50 96 495 
3  2 419 489 
3  219 238 287 
3  378 395 479 
3  191 434 480 
3  430 436 460 
3  43 207 494 
3  228 240 362 
3  110 141 223 
3  127 210 320 
3  101 252 290 
3  214 396 451 
3  105 154 162 
3  221 336 351 
3  89 217 261 
3  83 190 283 
3  57 90 295 
3  251 352 403 
3  85 268 382 
3  81 292 411 
3  86 173 253 
3  160 439 462 
3  148 199 387 
3  112 124 422 
3  161 314 321 
3  52 106 241 
3  183 302 368 
3  53 273 322 
3  256 364 388 
3  87 119 305 
3  49 205 220 
3  249 349 382 
3  94 217 258 
3  199 273 348 
3  9 14 109 
3  134 185 480 
3  95 452 494 
3  92 133 364 
3  2 103 252 
3  1 239 488 
3  278 329 417 
3  19 334 370 
3  99 117 399 
3  148 354 366 
3  33 193 292 
3  367 405 430 
3  130 230 395 
3  38 74 157 
3  7 40 428 
3  25 68 347 
3  161 233 416 
3  339 409 424 
3  35 197 201 
3  115 312 478 
3  8 34 268 
3  67 215 270 
3  269 297 493 
3  26 86 138 
3  155 179 242 
3  47 58 499 
3  44 167 189 
3  85 393 475 
3  52 318 423 
3  267 362 463 
3  32 232 474 
3  113 315 432 
3  70 108 243 
3  41 112 374 
3  57 356 495 
3  180 325 363 
3  295 321 386 
3  168 214 472 
3  42 51 485 
3  93 388 431 
3  237 296 456 
3  156 440 444 
3  12 438 484 
3  54 246 469 
3  209 346 406 
3  111 207 221 
3  289 313 404 
3  37 435 476 
3  173 219 414 
3  163 288 344 
3  121 183 328 
3  29 158 248 
3  3 266 377 
3  171 196 413 
3  39 397 420 
3  98 275 487 
3  126 210 330 
3  213 241 257 
3  286 410 418 
3  62 245 290 
3  30 77 453 
3  120 147 491 
3  229 448 466 
3  71 253 301 
3  342 398 446 
3  64 358 464 
3  23 190 365 
3  181 224 380 
3  91 305 331 
3  11 118 298 
3  55 78 433 
3  303 390 427 
3  105 260 403 
3  45 124 369 
3  135 177 459 
3  127 184 244 
3  141 309 471 
3  90 445 462 
3  357 421 492 
3  18 128 137 
3  172 276 437 
3  97 191 280 
3  89 200 234 
3  284 300 498 
3  107 373 384 
3  65 317 467 
3  20 282 375 
3  154 385 454 
3  61 149 368 
3  203 407 465 
3  159 333 490 
3  83 125 482 
3  53 88 361 
3  73 166 169 
3  16 27 211 
3  238 279 470 
3  182 429 479 
3  76 299 351 
3  204 228 436 
3  192 263 314 
3  56 223 251 
3  341 389 486 
3  24 337 457 
3  274 311 412 
3  145 323 419 
3  4 48 142 
3  186 304 306 
3  350 392 439 
3  259 376 460 
3  81 160 402 
3  66 240 461 
3  63 75 231 
3  28 72 143 
3  80 82 235 
3  175 272 283 
3  22 101 401 
3  104 195 411 
3  114 254 381 
3  287 378 396 
3  206 338 483 
3  132 136 434 
3  151 316 327 
3  15 262 322 
3  59 371 383 
3  123 319 502 
3  96 188 332 
3  324 458 501 
3  119 187 198 
3  13 326 422 
3  102 122 212 
3  320 415 496 
3  162 345 355 
3  150 164 450 
3  0 178 353 
3  202 425 473 
3  165 294 441 
3  5 84 291 
3  140 310 500 
3  225 261 497 
3  79 343 449 
3  106 387 451 
3  336 340 481 
3  222 265 391 
3  6 36 468 
3  69 277 400 
3  131 176 216 
3  43 87 426 
3  60 264 408 
3  285 447 489 
3  21 308 335 
3  129 227 352 
3  50 250 442 
3  17 271 359 
3  31 170 226 
3  100 247 503 
3  46 174 307 
3  152 255 281 
3  208 293 455 
3  110 139 194 
3  10 153 443 
3  144 146 379 
3  256 302 477 
3  41 116 236 
3  218 360 372 
3  247 354 394 
3  61 291 486 
3  192 364 479 
3  144 162 228 
3  173 185 271 
3  240 308 342 
3  39 92 261 
3  36 88 236 
3  62 177 360 
3  93 298 471 
3  138 184 300 
3  81 129 490 
3  24 74 496 
3  59 239 276 
3  5 143 482 
3  27 51 87 
3  128 224 379 
3  216 289 456 
3  121 299 306 
3  43 377 472 
3  2 139 445 
3  48 69 273 
3  52 83 154 
3  197 453 489 
3  195 314 433 
3  317 330 417 
3  170 223 303 
3  181 406 423 
3  118 387 434 
3  215 376 391 
3  119 245 478 
3  151 400 443 
3  22 130 336 
3  272 430 431 
3  89 473 481 
3  49 227 302 
3  33 76 163 
3  97 294 411 
3  98 287 467 
3  124 254 358 
3  34 277 455 
3  50 137 424 
3  116 366 401 
3  274 348 450 
3  171 213 281 
3  6 29 357 
3  82 382 470 
3  84 242 407 
3  311 468 476 
3  107 369 460 
3  191 494 500 
3  72 344 466 
3  133 176 487 
3  131 149 153 
3  203 325 474 
3  73 214 235 
3  202 301 463 
3  7 57 66 
3  132 210 269 
3  46 309 350 
3  233 320 328 
3  324 394 442 
3  161 208 252 
3  19 147 438 
3  0 297 464 
3  32 258 408 
3  244 378 421 
3  4 187 435 
3  70 355 492 
3  54 415 439 
3  175 381 441 
3  28 305 405 
3  265 353 426 
3  96 368 432 
3  20 452 503 
3  217 338 373 
3  9 286 403 
3  234 310 323 
3  196 260 349 
3  392 461 477 
3  146 285 389 
3  1 347 386 
3  55 238 332 
3  12 284 436 
3  38 120 295 
3  113 343 410 
3  179 229 333 
3  199 307 414 
3  160 167 168 
3  26 251 416 
3  122 152 280 
3  117 255 412 
3  11 47 319 
3  23 329 340 
3  126 166 211 
3  40 145 318 
3  85 148 420 
3  225 282 326 
3  111 259 428 
3  106 135 495 
3  99 110 396 
3  45 397 459 
3  156 372 409 
3  142 158 491 
3  58 159 446 
3  352 380 469 
3  13 296 388 
3  10 398 493 
3  64 219 371 
3  266 337 356 
3  100 112 499 
3  53 109 180 
3  108 182 440 
3  94 164 454 
3  3 230 346 
3  125 399 488 
3  220 237 365 
3  31 221 246 
3  42 270 385 
3  263 483 502 
3  35 78 335 
3  79 232 393 
3  8 183 363 
3  200 218 437 
3  193 313 425 
3  150 351 457 
3  30 304 498 
3  2 65 361 
3  56 75 91 
3  186 278 339 
3  190 390 501 
3  15 115 264 
3  44 484 497 
3  134 189 206 
3  95 114 458 
3  165 222 370 
3  241 359 374 
3  204 395 404 
3  25 80 86 
3  249 345 422 
3  16 226 292 
3  198 375 427 
3  169 322 341 
3  17 212 290 
3  71 209 475 
3  321 465 485 
3  172 205 451 
3  68 449 480 
3  60 267 419 
3  157 275 362 
3  67 194 243 
3  140 257 315 
3  155 201 253 
3  90 105 279 
3  18 63 268 
3  367 389 413 
3  136 193 283 
3  103 132 334 
3  104 188 215 
3  293 397 444 
3  21 97 231 
3  102 141 249 
3  127 207 250 
3  9 316 323 
3  37 331 429 
3  101 174 402 
3  94 178 448 
3  14 117 248 
3  262 288 418 
3  77 137 312 
3  327 462 501 
3  256 447 457 
3  211 384 421 
3  161 168 383 
3  44 123 151 
3  148 263 441 
3  23 254 490 
3  115 200 335 
3  275 365 438 
3  42 231 414 
3  353 354 418 
3  53 75 167 
3  173 285 452 
3  66 210 435 
3  243 327 379 
3  267 356 391 
3  26 112 276 
3  146 292 442 
3  189 244 475 
3  102 164 395 
3  10 65 85 
3  180 253 329 
3  289 305 387 
3  90 299 338 
3  456 460 482 
3  4 63 106 
3  153 162 184 
3  245 318 449 
3  107 120 163 
3  36 271 272 
3  56 344 480 
3  166 428 432 
3  165 177 386 
3  39 51 402 
3  30 111 440 
3  21 83 476 
3  182 319 352 
3  190 288 378 
3  81 110 259 
3  18 72 226 
3  6 217 268 
3  28 392 394 
3  60 130 493 
3  77 79 330 
3  159 205 261 
3  143 265 479 
3  135 229 300 
3  160 410 447 
3  307 340 430 
3  43 186 403 
3  55 246 409 
3  86 337 404 
3  174 232 425 
3  341 388 427 
3  29 59 315 
3  136 242 437 
3  5 250 359 
3  3 8 37 
3  101 158 345 
3  291 448 471 
3  99 423 477 
3  11 76 281 
3  32 331 411 
3  82 216 381 
3  270 278 313 
3  74 401 412 
3  84 220 415 
3  27 197 204 
3  19 339 462 
3  69 145 422 
3  119 277 309 
3  17 183 214 
3  181 191 321 
3  92 358 478 
3  202 273 500 
3  118 258 375 
3  109 257 266 
3  122 218 236 
3  125 221 467 
3  144 223 433 
3  154 203 489 
3  364 434 468 
3  35 41 348 
3  1 139 429 
3  357 385 472 
3  450 461 492 
3  238 256 473 
3  73 308 370 
3  171 296 416 
3  380 451 453 
3  68 255 439 
3  38 178 196 
3  95 342 346 
3  64 169 195 
3  172 314 350 
3  225 351 360 
3  157 224 383 
3  237 306 324 
3  121 334 485 
3  14 96 209 
3  47 349 481 
3  13 469 474 
3  44 302 417 
3  207 264 407 
3  140 287 446 
3  147 320 326 
3  0 303 400 
3  58 131 199 
3  128 192 284 
3  98 413 498 
3  133 262 377 
3  67 408 502 
3  179 362 444 
3  91 483 503 
3  48 113 283 
3  369 382 426 
3  103 286 499 
3  332 386 454 
3  15 80 248 
3  372 419 487 
3  100 396 465 
3  138 212 420 
3  201 361 424 
3  293 347 496 
3  25 390 497 
3  123 343 486 
3  134 155 366 
3  108 126 436 
3  141 374 494 
3  52 61 70 
3  187 280 325 
3  222 260 301 
3  219 264 406 
3  54 104 206 
3  114 150 373 
3  78 247 384 
3  175 251 298 
3  71 129 295 
3  16 274 398 
3  105 208 431 
3  31 311 405 
3  240 304 368 
3  252 282 459 
3  185 188 297 
3  233 317 464 
3  170 290 470 
3  20 176 194 
3  46 62 484 
3  22 279 376 
3  57 89 124 
3  227 230 235 
3  312 443 491 
3  24 40 87 
3  34 152 458 
3  333 367 445 
3  234 281 322 
3  33 94 495 
3  93 142 463 
3  45 198 502 
3  82 228 328 
3  156 241 393 
3  12 371 466 
3  49 177 316 
3  116 213 363 
3  149 294 488 
3  7 88 349 
3  127 279 399 
3  292 310 336 
3  50 239 355 
3  154 269 289 
3  164 410 455 
3  42 224 415 
3  74 121 143 
3  254 414 491 
3  16 90 393 
3  212 473 480 
3  65 452 479 
3  203 274 490 
3  175 356 423 
3  37 339 459 
3  374 417 420 
3  207 361 390 
3  392 403 467 
3  215 311 395 
3  119 160 171 
3  33 198 200 
3  63 256 342 
3  89 93 324 
3  1 251 269 
3  4 15 149 
3  51 272 448 
3  86 125 217 
3  99 132 202 
3  52 147 322 
3  20 353 476 
3  257 345 466 
3  179 447 475 
3  50 170 255 
3  46 376 407 
3  81 288 454 
3  10 152 168 
3  221 354 416 
3  268 295 478 
3  87 142 330 
3  60 304 496 
3  64 183 424 
3  39 144 449 
3  77 131 209 
3  30 95 484 
3  239 435 460 
3  72 186 381 
3  100 316 430 
3  225 367 391 
3  58 363 444 
3  31 227 263 
3  21 328 497 
3  41 169 275 
3  193 199 249 
3  67 248 309 
3  201 418 492 
3  22 71 276 
3  127 172 226 
3  11 115 385 
3  68 422 436 
3  383 400 404 
3  92 163 252 
3  17 369 450 
3  135 191 398 
3  123 126 161 
3  9 78 134 
3  97 237 377 
3  111 138 151 
3  409 458 483 
3  180 371 439 
3  45 122 405 
3  118 195 399 
3  396 426 443 
3  220 240 260 
3  23 286 388 
3  54 382 442 
3  120 214 283 
3  259 321 457 
3  277 428 486 
3  162 273 359 
3  196 307 372 
3  48 116 205 
3  3 300 419 
3  104 148 431 
3  113 265 355 
3  98 270 373 
3  347 351 468 
3  107 305 501 
3  29 106 365 
3  139 146 156 
3  80 477 499 
3  357 469 481 
3  83 96 413 
3  129 362 434 
3  75 271 498 
3  232 285 461 
3  19 79 368 
3  84 133 223 
3  145 380 446 
3  18 204 219 
3  28 206 303 
3  124 189 192 
3  59 235 503 
3  262 290 384 
3  318 408 456 
3  7 208 284 
3  0 14 474 
3  40 242 421 
3  62 253 429 
3  85 230 243 
3  158 258 441 
3  315 331 340 
3  165 247 489 
3  13 241 470 
3  6 187 238 
3  36 228 427 
3  102 320 352 
3  229 319 411 
3  244 308 402 
3  73 117 333 
3  329 335 455 
3  114 174 310 
3  12 267 433 
3  26 55 293 
3  141 325 343 
3  184 231 360 
3  35 190 194 
3  266 299 451 
3  236 334 495 
3  136 166 337 
3  188 211 326 
3  182 313 370 
3  32 53 485 
3  159 280 425 
3  130 245 389 
3  155 312 482 
3  76 197 494 
3  25 291 472 
3  56 213 216 
3  176 246 306 
3  5 327 375 
3  66 140 471 
3  61 210 412 
3  8 167 222 
3  302 387 487 
3  43 57 401 
3  34 348 364 
3  101 346 464 
3  24 344 406 
3  261 294 440 
3  27 88 153 
3  301 397 453 
3  150 296 297 
3  341 378 488 
3  105 218 438 
3  69 91 445 
3  38 317 432 
3  2 108 332 
3  112 181 462 
3  338 437 493 
3  70 173 233 
3  287 379 463 
3  49 103 185 
3  178 250 323 
3  47 278 500 
3  109 110 137 
3  157 336 350 
3  129 234 366 
3  40 298 358 
3  86 128 465 
3  70 282 394 
3  287 314 440 
3  118 196 259 
3  102 242 413 
3  17 176 423 
3  199 439 476 
3  180 252 385 
3  200 274 371 
3  307 343 362 
3  193 239 464 
3  147 338 425 
3  18 39 322 
3  79 367 458 
3  48 137 247 
3  143 272 310 
3  150 194 449 
3  159 382 487 
3  13 184 441 
3  337 339 461 
3  233 364 411 
3  25 72 153 
3  136 402 403 
3  342 445 482 
3  192 269 406 
3  31 88 95 
3  195 271 481 
3  158 321 323 
3  29 416 448 
3  6 30 499 
3  191 254 389 
3  171 302 452 
3  222 243 290 
3  54 56 368 
3  81 304 361 
3  154 306 340 
3  183 404 471 
3  47 164 166 
3  218 344 417 
3  5 101 275 
3  341 346 415 
3  23 85 498 
3  392 460 493 
3  51 249 332 
3  236 256 472 
3  60 365 426 
3  110 305 388 
3  112 387 412 
3  49 91 475 
3  211 331 374 
3  219 277 469 
3  149 201 257 
3  111 163 474 
3  12 227 485 
3  145 401 414 
3  141 301 495 
3  262 285 347 
3  19 175 349 
3  168 229 358 
3  33 181 467 
3  221 295 436 
3  61 128 444 
3  210 375 377 
3  64 94 326 
3  282 315 395 
3  142 167 468 
3  106 410 483 
3  7 8 9 
3  53 327 376 
3  66 419 501 
3  80 108 434 
3  104 120 497 
3  357 456 465 
3  28 407 463 
3  122 314 489 
3  258 313 350 
3  14 205 457 
3  188 308 369 
3  55 58 237 
3  208 381 473 
3  162 217 496 
3  82 96 479 
3  165 226 286 
3  35 84 356 
3  216 390 478 
3  134 283 470 
3  15 206 396 
3  26 98 197 
3  179 332 451 
3  42 151 262 
3  103 130 324 
3  244 299 433 
3  265 480 484 
3  76 320 431 
3  177 213 224 
3  117 190 352 
3  231 255 502 
3  115 126 409 
3  105 107 446 
3  117 268 494 
3  212 266 503 
3  186 325 359 
3  10 288 334 
3  68 127 356 
3  228 353 399 
3  160 270 303 
3  44 90 113 
3  34 178 215 
3  161 232 387 
3  146 209 422 
3  157 421 495 
3  11 173 267 
3  43 293 486 
3  248 393 459 
3  139 148 432 
3  280 330 454 
3  75 309 354 
3  32 144 398 
3  83 261 418 
3  16 267 424 
3  318 335 386 
3  3 383 394 
3  22 73 296 
3  170 316 490 
3  41 77 466 
3  135 235 408 
3  67 155 162 
3  97 99 276 
3  251 292 443 
3  207 297 487 
3  74 133 253 
3  119 125 442 
3  98 234 428 
3  100 279 397 
3  24 123 140 
3  300 370 492 
3  329 334 345 
3  21 57 223 
3  65 93 174 
3  1 92 240 
3  27 278 430 
3  246 260 328 
3  263 400 435 
3  36 46 230 
3  52 124 351 
3  20 89 363 
3  63 132 245 
3  284 477 491 
3  43 131 429 
3  45 59 273 
3  62 69 280 
3  38 185 202 
3  156 312 373 
3  187 291 366 
3  0 2 500 
3  78 333 420 
3  109 264 311 
3  198 391 450 
3  50 114 455 
3  36 281 294 
3  4 172 384 
3  203 238 437 
3  71 365 405 
3  115 225 380 
3  134 169 379 
3  204 241 501 
3  37 220 250 
3  141 438 488 
3  182 423 427 
