6  87 305 400 612 776 993 
6  107 177 417 589 694 978 
6  139 176 356 463 827 993 
6  39 224 450 563 752 960 
6  99 277 403 531 695 999 
6  134 308 350 562 810 878 
6  34 315 381 546 784 868 
6  71 186 393 671 775 906 
6  49 192 458 563 813 906 
6  116 172 412 499 735 906 
6  17 331 443 526 706 941 
6  79 241 428 567 728 950 
6  106 214 419 667 792 892 
6  110 300 442 607 783 857 
6  26 172 503 605 776 915 
6  44 294 467 624 695 925 
6  43 266 476 644 680 958 
6  107 324 479 577 732 844 
6  120 251 490 545 769 851 
6  82 179 399 574 766 896 
6  120 258 410 652 700 984 
6  41 321 496 541 721 976 
6  116 287 368 654 726 961 
6  102 238 429 512 744 880 
6  89 274 348 658 818 973 
6  97 187 474 630 807 860 
6  99 195 425 522 793 926 
6  117 266 351 573 820 979 
6  16 284 407 547 770 912 
6  81 223 381 560 758 867 
6  20 232 462 540 714 868 
6  128 325 453 646 720 864 
6  91 202 401 568 802 956 
6  28 182 372 662 691 898 
6  98 192 376 659 816 946 
6  25 190 456 588 796 922 
7  118 315 343 535 785 982 998 
6  72 219 500 563 685 1005 
6  135 185 420 597 826 990 
6  135 226 342 539 712 851 
6  103 186 431 658 777 838 
6  66 205 334 588 722 963 
6  37 210 454 515 677 928 
7  144 318 355 555 815 951 987 
6  47 198 468 510 608 945 
6  129 245 437 664 740 988 
6  120 327 395 653 704 982 
6  46 197 428 606 834 876 
6  36 277 357 620 751 853 
6  64 168 371 668 832 887 
6  138 323 377 674 703 997 
6  92 210 351 539 696 882 
6  163 200 358 635 699 983 
6  165 264 447 517 802 907 
6  118 215 405 639 745 872 
6  100 242 418 556 793 917 
6  71 272 464 536 808 872 
6  154 206 393 655 815 976 
6  16 197 440 613 719 917 
6  83 295 349 560 772 988 
6  113 319 484 548 710 884 
6  8 260 337 635 812 900 
6  13 231 344 653 778 989 
6  87 283 490 531 692 985 
6  125 237 444 599 711 902 
6  106 257 463 526 682 977 
6  90 282 393 519 811 908 
6  78 193 486 617 724 965 
6  124 187 483 596 729 942 
6  69 316 357 575 825 989 
6  93 204 404 635 830 840 
6  63 235 480 643 726 1001 
6  29 284 387 545 716 860 
6  28 265 391 593 789 961 
6  58 185 348 571 678 969 
6  58 283 464 517 764 955 
6  81 269 372 567 806 932 
6  55 232 505 549 713 963 
6  94 242 456 641 735 994 
6  32 311 457 549 766 852 
6  131 285 474 624 760 909 
6  157 281 347 544 705 873 
6  119 285 382 569 665 920 
6  153 263 358 541 762 957 
6  67 308 383 572 767 922 
6  156 199 432 526 779 880 
6  158 195 474 557 697 839 
5  167 318 351 658 709 
6  56 264 343 671 820 864 
6  152 254 370 655 693 984 
6  154 249 489 529 680 945 
6  96 240 464 619 825 887 
6  35 175 342 579 731 978 
6  115 211 345 663 693 977 
6  23 170 449 502 662 902 
6  135 174 470 598 714 864 
6  138 297 409 605 762 920 
6  54 253 373 496 736 966 
7  124 227 374 615 755 926 971 
6  133 180 436 566 698 966 
6  23 326 446 626 717 972 
6  148 287 501 564 817 878 
6  61 301 497 525 786 843 
6  123 176 493 622 832 929 
6  51 288 494 639 753 910 
6  150 244 489 645 824 937 
6  163 312 435 531 758 905 
6  54 256 385 534 757 937 
6  67 204 448 633 827 909 
6  74 172 447 582 835 995 
6  146 330 436 544 835 885 
6  65 217 434 540 737 891 
6  161 205 446 522 828 886 
6  37 203 421 620 754 945 
6  44 289 470 640 791 997 
7  64 191 467 513 728 936 1002 
5  126 334 378 669 751 
7  92 180 427 503 789 934 938 
6  59 241 364 581 741 842 
6  167 299 366 576 690 970 
6  66 233 420 534 746 910 
5  124 222 354 604 678 
6  43 301 426 583 740 913 
6  125 296 510 631 734 973 
6  161 245 375 655 771 983 
6  6 263 451 584 697 970 
6  130 228 430 633 734 936 
6  147 247 498 672 727 942 
6  123 251 352 614 839 900 
6  111 322 347 643 763 837 
6  55 184 368 548 804 929 
6  0 317 389 613 713 987 
6  100 292 394 493 698 985 
6  43 175 388 616 767 969 
7  7 173 469 632 735 924 1003 
6  31 246 435 552 733 964 
6  129 292 492 561 799 861 
6  77 251 377 505 835 853 
5  14 195 346 627 737 
6  19 330 356 589 759 953 
6  60 309 487 610 811 973 
7  146 248 497 634 794 894 1006 
6  95 277 439 663 709 904 
6  74 284 350 551 678 854 
6  108 332 339 585 712 956 
6  131 276 431 575 768 893 
6  59 332 416 523 759 948 
6  128 233 399 611 699 850 
6  160 181 432 511 753 953 
6  129 260 389 670 695 890 
6  137 304 461 640 822 855 
6  18 293 367 510 737 928 
5  85 328 426 659 706 
6  50 331 389 532 820 860 
6  150 259 358 586 675 874 
6  133 196 488 632 805 965 
6  42 213 438 666 759 991 
6  21 185 485 602 836 949 
6  73 223 439 564 780 866 
6  78 262 440 550 803 856 
6  159 281 424 553 690 944 
6  162 188 398 509 734 947 
7  150 303 339 532 749 919 965 
6  69 221 372 534 731 891 
6  53 304 449 525 676 876 
6  108 307 471 538 782 921 
6  13 265 430 537 799 876 
6  61 198 424 517 813 904 
6  25 209 424 509 706 897 
6  22 265 478 599 722 1003 
6  46 325 362 651 703 962 
6  19 225 380 594 690 870 
6  53 252 482 600 727 999 
6  158 220 340 518 830 950 
6  94 327 501 558 791 977 
6  98 286 406 642 684 896 
6  116 317 388 652 809 844 
6  115 246 344 538 668 933 
6  109 305 502 597 833 946 
6  27 196 422 618 702 927 
6  103 207 447 527 739 846 
6  33 239 363 578 828 898 
6  11 268 448 542 801 1007 
6  164 222 458 577 711 875 
6  4 247 346 532 795 857 
6  91 173 340 649 832 990 
6  59 278 465 555 716 940 
6  106 299 403 636 784 992 
6  24 297 494 649 800 916 
5  67 198 469 524 771 
6  153 238 466 543 796 934 
6  142 253 386 578 733 869 
6  104 271 338 614 771 863 
6  58 182 460 492 723 849 
6  21 330 486 652 796 855 
6  137 288 360 599 741 865 
6  104 225 414 597 750 842 
6  82 190 359 573 806 926 
6  9 299 477 664 691 996 
6  160 171 423 613 723 845 
6  52 254 459 513 691 847 
6  38 190 488 628 725 890 
6  72 306 392 580 698 990 
6  121 261 390 586 683 1000 
6  84 270 473 573 769 1004 
6  3 168 482 550 751 915 
6  89 291 469 639 770 925 
6  144 217 498 609 687 968 
6  3 329 398 645 775 918 
6  10 216 480 605 713 948 
6  147 228 394 519 812 901 
6  68 266 430 508 800 888 
6  90 301 479 627 681 939 
6  132 229 380 669 808 933 
5  149 209 391 577 746 
6  12 193 365 494 689 946 
6  109 317 353 569 808 923 
6  152 170 411 546 697 919 
6  119 335 459 583 824 877 
6  140 220 444 638 769 889 
6  17 168 452 572 743 1005 
6  151 217 453 584 707 899 
6  62 314 471 637 813 871 
6  146 272 362 585 767 976 
6  48 239 352 602 677 933 
6  71 310 433 601 718 1002 
6  101 325 476 545 727 921 
6  5 322 371 656 720 892 
6  145 270 339 665 785 943 
6  75 234 422 552 787 897 
6  70 184 450 656 779 982 
6  70 283 496 515 795 935 
6  6 202 457 558 765 947 
6  44 188 396 650 830 859 
6  107 254 413 661 837 971 
6  35 285 391 656 772 964 
6  6 334 343 583 798 883 
6  101 212 452 603 736 917 
6  140 267 418 592 784 1000 
6  47 177 349 674 715 849 
6  145 282 341 647 743 978 
6  163 229 472 666 783 1004 
6  110 196 383 561 777 843 
6  99 204 486 520 779 871 
6  2 247 402 524 788 930 
6  23 231 366 533 804 985 
6  30 215 453 556 809 980 
6  63 326 336 641 782 853 
6  104 223 503 624 724 952 
6  64 169 475 497 723 882 
6  86 323 498 562 833 1005 
6  155 272 425 642 694 967 
6  148 176 398 648 731 846 
6  158 235 488 527 778 969 
6  96 289 375 512 679 869 
6  20 328 427 596 703 935 
6  166 333 507 592 692 883 
6  111 229 487 582 701 890 
6  25 170 401 581 780 914 
6  97 280 434 544 747 842 
6  76 244 414 637 743 980 
6  152 310 342 550 819 957 
7  31 294 504 616 773 895 928 
6  27 271 455 511 720 981 
6  15 319 467 609 638 995 
6  121 314 408 551 754 931 
6  52 224 445 582 797 939 
7  0 201 484 521 792 950 958 
6  156 192 490 546 708 938 
6  126 194 394 675 694 863 
6  90 193 454 570 755 944 
6  26 324 340 535 764 865 
6  42 286 369 535 696 854 
6  165 171 357 580 749 988 
6  134 275 379 644 683 847 
6  77 227 485 514 722 878 
6  24 252 349 522 726 966 
6  2 316 376 576 748 889 
6  35 178 465 570 834 979 
6  48 267 489 654 672 972 
7  113 253 426 636 803 954 989 
6  102 328 380 567 661 998 
6  20 258 433 648 840 903 
6  153 286 492 620 746 924 
6  28 255 419 614 775 986 
6  49 320 416 518 765 895 
6  122 230 412 622 744 921 
6  140 290 374 610 831 841 
6  136 221 504 543 705 941 
5  56 218 353 528 675 
6  148 231 479 651 773 871 
6  70 308 337 565 807 992 
6  157 182 476 523 673 967 
6  68 329 495 629 793 951 
6  103 307 373 670 819 998 
6  154 208 420 643 708 899 
6  37 212 442 594 822 961 
6  111 194 400 649 822 968 
5  121 241 345 642 838 
6  45 269 354 529 797 930 
6  94 255 346 552 752 974 
6  137 235 392 637 821 894 
6  164 333 371 608 814 870 
6  32 243 362 612 770 944 
6  66 278 462 647 710 873 
6  167 240 407 528 757 885 
6  61 278 354 603 809 874 
6  11 327 423 554 750 848 
6  132 321 341 593 788 916 
6  0 248 395 576 724 955 
6  27 309 413 673 791 854 
6  4 275 384 646 689 995 
6  118 191 505 657 805 991 
6  10 218 460 570 801 914 
6  162 271 360 600 841 913 
6  108 203 487 560 781 903 
6  38 293 499 668 717 962 
5  110 257 361 650 826 
6  83 200 431 533 774 959 
5  77 296 428 542 787 
6  147 302 396 611 786 932 
6  162 208 481 578 747 866 
6  165 294 478 661 699 851 
6  45 276 413 499 833 866 
6  50 298 397 603 693 929 
6  73 207 390 636 794 940 
6  57 300 433 611 800 902 
6  88 293 506 520 810 907 
6  88 222 396 665 721 980 
6  33 178 429 527 790 975 
6  76 228 361 549 709 954 
6  48 240 500 568 781 888 
7  102 297 418 623 827 882 927 
6  86 262 422 660 789 994 
7  15 179 493 604 798 941 975 
6  95 321 456 513 790 959 
5  151 313 368 673 836 
6  85 274 445 557 799 858 
6  36 291 411 529 829 850 
6  2 189 465 574 685 858 
6  7 313 429 554 781 874 
6  78 273 478 559 823 879 
6  9 236 341 598 692 862 
6  4 311 421 631 794 848 
6  12 221 387 536 818 877 
6  65 303 475 564 701 975 
6  36 216 450 598 817 879 
6  87 187 417 629 756 895 
5  97 171 379 588 816 
6  134 169 414 606 671 896 
6  136 279 395 600 836 914 
6  151 269 461 601 756 983 
6  155 322 441 542 786 934 
6  33 305 408 516 700 943 
6  85 181 336 516 707 955 
5  22 303 404 674 754 
7  34 206 445 521 684 922 942 
6  96 250 381 590 761 911 
6  114 237 375 579 838 897 
6  136 324 472 562 749 940 
5  10 335 344 601 795 
6  40 264 463 628 687 873 
6  145 201 485 618 763 848 
6  117 207 458 669 719 984 
6  166 175 338 587 816 859 
7  14 238 452 514 758 884 1001 
6  101 181 378 632 837 992 
6  126 183 491 660 718 852 
6  164 260 409 647 766 872 
6  32 245 385 621 732 916 
6  89 179 471 593 801 974 
6  122 295 444 667 739 847 
5  114 335 438 625 750 
6  122 256 411 640 755 991 
6  105 205 472 634 686 888 
6  5 258 477 581 810 901 
6  60 280 365 654 704 907 
6  42 224 355 616 736 901 
5  141 290 402 543 823 
6  52 332 352 520 831 1003 
6  50 239 441 595 768 1002 
6  47 289 406 569 716 918 
6  156 169 382 621 745 856 
6  30 295 509 602 730 960 
6  19 256 508 641 773 999 
6  80 259 454 590 728 846 
6  16 208 417 538 623 959 
7  160 312 364 528 814 886 947 
6  166 211 442 559 744 885 
6  30 273 416 491 804 869 
6  62 243 466 630 687 923 
6  112 314 365 521 718 996 
6  114 279 415 547 688 881 
6  22 199 457 666 680 952 
6  73 336 397 547 840 960 
6  141 184 473 525 689 903 
6  149 290 436 626 742 925 
6  74 226 437 495 821 972 
6  11 236 443 644 733 956 
6  69 180 451 672 741 943 
6  1 316 367 612 730 981 
6  127 287 378 571 815 893 
6  79 281 501 539 788 861 
6  155 244 412 555 688 861 
6  86 218 473 557 730 875 
6  131 183 407 646 740 1001 
6  46 216 363 638 818 863 
6  132 261 383 609 704 912 
6  29 319 401 617 774 964 
6  127 189 438 556 738 936 
6  119 230 421 553 676 905 
6  157 288 373 568 787 859 
6  115 275 427 571 812 886 
6  18 225 491 615 762 843 
6  62 220 423 515 679 893 
6  84 302 405 572 677 879 
6  112 188 425 594 707 867 
6  34 178 361 608 686 877 
6  9 230 504 516 725 957 
6  139 276 484 625 752 908 
6  41 226 432 627 686 994 
6  5 250 402 508 777 949 
6  161 300 475 575 729 948 
7  68 200 363 566 684 844 1007 
6  54 189 377 628 711 958 
6  18 306 460 558 803 850 
6  8 318 408 621 742 884 
6  45 243 477 559 785 1007 
6  17 186 434 537 748 971 
6  128 268 500 589 778 987 
6  143 183 369 554 717 979 
6  15 211 369 645 753 932 
6  29 203 409 537 826 953 
6  56 242 360 585 792 930 
6  142 292 364 587 763 909 
6  79 219 403 519 715 981 
6  143 270 419 633 729 899 
6  1 252 459 561 829 1000 
6  26 214 399 514 824 1006 
6  159 279 405 596 739 845 
6  109 213 448 540 819 841 
6  55 307 406 511 780 857 
6  80 323 397 523 745 970 
6  105 331 367 657 742 967 
6  81 213 495 618 719 900 
6  8 249 356 660 825 862 
6  98 236 440 610 768 937 
5  130 320 507 553 702 
6  40 234 502 565 696 867 
6  39 311 483 533 712 855 
6  123 304 379 591 732 996 
6  149 312 482 595 797 927 
6  1 174 410 518 682 870 
5  12 232 359 595 821 
6  88 259 449 623 705 954 
6  91 329 376 676 790 997 
6  49 212 353 530 774 911 
6  105 274 461 507 747 915 
6  133 298 470 659 738 852 
6  51 246 437 648 685 952 
6  143 280 385 530 715 881 
6  7 282 415 591 765 858 
5  159 249 506 574 828 
6  57 201 392 663 831 912 
6  82 237 400 650 817 849 
6  127 261 481 626 839 911 
6  72 234 387 667 701 963 
6  51 257 374 584 688 898 
6  38 315 384 587 756 904 
6  41 215 441 607 761 889 
6  75 267 382 651 783 924 
6  24 248 345 565 811 875 
6  57 209 355 590 807 883 
6  93 306 370 592 681 918 
6  21 202 390 607 776 891 
6  112 199 480 524 702 887 
6  3 219 384 541 700 845 
6  40 333 415 566 760 986 
6  60 191 366 579 708 923 
6  141 268 338 551 682 920 
6  142 173 483 536 681 931 
6  31 313 370 606 761 865 
6  125 263 350 530 805 862 
6  65 291 455 619 738 905 
6  80 214 468 653 714 931 
6  93 210 481 604 802 892 
6  63 273 337 631 748 951 
7  95 227 388 625 814 856 968 
6  130 177 451 670 823 1006 
6  139 320 359 586 782 913 
6  39 262 347 512 683 962 
6  53 233 439 657 679 986 
6  113 250 404 591 725 974 
6  92 194 443 548 829 881 
6  144 174 386 634 806 938 
7  138 206 435 662 798 894 949 
6  75 302 348 629 710 919 
6  100 310 468 630 721 910 
6  83 255 462 615 764 880 
6  84 197 446 622 760 868 
6  14 309 386 580 834 993 
7  13 298 466 506 757 908 1004 
6  117 296 455 617 664 935 
6  76 326 410 619 772 939 
